Exporters	Imported value in 2009	Imported value in 2010	Imported value in 2011	Imported value in 2012	Imported value in 2013	Imported value in 2014	Imported value in 2015	Imported value in 2016	Imported value in 2017	Imported value in 2018	Imported value in 2019	Imported value in 2020	
"World"	1005555200	1396001600	1743394900	1818199200	1949992300	1959234625	1681670816	1588695867	1840957060	2134987265	2068950255	2055590612	
"Taipei, Chinese"	85722961	115733646	124910647	132199339	156405132	152007130	144980999	139715214	154796770	177345362	172800947	200664323	
"Japan"	130937525	176736084	194567856	177832336	162245573	162920512	143092949	145771152	165494647	180401786	171523312	174867747	
"Korea, Republic of"	102551712	138339223	162716843	168728402	183072918	190108773	174563830	159168781	177523904	204566451	173553267	172756030	
"United States of America"	77755101	102734185	123124010	133765823	153394862	160064514	150543984	135047253	154839684	156004357	123235656	135996513	
"China"	86413993	106867897	122614384	142929913	157540888	144880437	144434506	128794412	132604645	146381812	129525387	125277787	
"Australia"	39438780	61105168	82667477	84568209	98954088	97630887	73871388	70233044	94632692	105083923	119608314	114836642	
"Germany"	55764084	74251272	92726220	91933081	94156750	105012760	87689442	86118708	96932837	106257241	105037212	105261229	
"Brazil"	28280983	38099447	52386750	52281127	54299123	51653225	44339257	45603468	58476878	77141726	79203569	84083784	
"Viet Nam"	4746740	6984262	11116531	16229125	16891893	19906398	25127731	37216721	50374166	64087360	64078465	78474632	
"Malaysia"	32330691	50430150	62136640	58304935	60153184	55652243	53257648	49118293	53961162	63321954	71629893	74733134	
"Russian Federation"	21282952	25913994	40362600	44138279	39667828	41593505	33216612	32131140	41351921	58887066	60257151	57180563	
"Thailand"	24896942	33193365	39039796	38551206	38522681	38331928	37221138	38686369	41805850	44918670	46134732	48097894	
"Saudi Arabia"	23620244	32829048	49467520	54861126	53450711	48508026	30150711	23613002	31751563	45898673	54257291	39033136	
"Indonesia"	13663783	20795189	31337084	31935986	31424279	24485247	19814522	21344561	28517172	34154685	33992843	37368969	
"Singapore"	17796637	24728920	28139649	28529563	30064515	30828733	27557900	25938742	34133663	33638316	35230306	31550580	
"France"	13031124	17116565	22078793	24124460	23119289	27074420	24989088	22562513	27079913	32330186	32580848	29706998	
"Chile"	12790520	17935193	20578293	20631633	20707685	20985876	18680364	18410497	20891275	26999814	26291330	28748511	
"Italy"	11020311	14006447	17578760	16065665	17575739	19284885	16866060	16703875	20355868	21159551	21424595	22250523	
"Canada"	12026170	14921961	22167123	23209148	25236971	25182010	26280562	18265806	20337636	28354115	28032463	21878620	
"India"	13714289	20846313	23372279	18797191	16970270	16358691	13395985	11748712	16333354	18850037	17970065	20857605	
"South Africa"	8693253	14896422	32095190	44653737	48388425	44568130	30225916	22555964	24833903	27240322	25931258	20592463	
"United Kingdom"	7877357	11305193	14556661	16801247	19078788	23726733	18925748	18661724	22302351	23893337	23827508	19762530	
"Philippines"	11946610	16220255	17992317	19643205	18181829	20984132	19019735	17368933	19148726	20595680	20169743	19307298	
"Iraq"	3298111	6275191	10443634	12655773	17984764	20761239	12670542	10646475	13788755	22466146	23806377	19253157	
"Switzerland"	6949483	17108296	27287232	22884176	56191550	40541086	41205072	40072262	33014622	38706199	27397843	17494716	
"United Arab Emirates"	2595229	4451552	8306606	10851924	12823526	15763357	11531801	9977742	12224129	16281247	15086982	16868652	
"Mexico"	3881899	6875188	9377587	9161025	10238486	11173418	10082750	10293721	11749246	14054302	14348767	15995326	
"Oman"	5409904	9779204	14876688	16974957	21040613	23795856	15061979	11966072	13170395	18821414	19460465	15551773	
"Angola"	14675831	22815049	24922180	33561897	31972669	31106015	15997249	13874376	20385916	25652016	23308305	14513452	
"Peru"	4323889	6368186	7864277	8454698	8408062	8140872	8180720	9438108	13095544	15213113	15212399	14148211	
"Ireland"	3231013	3412622	3699439	3797556	4192850	3733626	4285734	5291288	8117046	10861554	13449668	14044416	
"Netherlands"	5122250	6479120	8660907	8703962	9824959	9340126	8807724	9752617	11228221	12313521	11195727	12787225	
"New Zealand"	2477073	3763103	4980969	5810232	8253214	9505522	6583272	7142060	9337196	11079793	12491022	12063400	
"Kuwait"	3500921	6708788	9175205	10467165	9586638	10004964	7483125	6362441	8930633	15359441	13416579	10706991	
"Spain"	4292253	6236378	7551576	6334673	5971878	6203607	5606122	6127564	7974254	8794347	8609261	10346049	
"Kazakhstan"	6255600	11108591	15349866	14675447	16050838	9741822	5840304	4793614	6342399	8529554	9258817	9739389	
"Sweden"	5453817	5907905	7116606	6922716	6987099	6791543	6421431	6140482	7866680	8946992	9137228	9468031	
"Qatar"	1376154	2455837	4694309	7278103	8463353	8336728	4615094	4005599	6386681	9091343	8688790	8271213	
"Belgium"	5849392	7839465	10130949	9964754	9848071	10059222	7020167	6872521	7546486	6987664	6869823	7839194	
"Ukraine"	2172540	2163583	3264665	3031234	3272867	3483544	3549959	2475717	2326171	2635776	4503827	7790725	
"Norway"	3059495	3230463	3621479	3067639	3467985	4467693	4147507	3217490	3127513	3418446	3897904	7273850	
"Congo, Democratic Republic of the"	1136448	2505716	3161988	3527095	2745655	2811558	2664738	2083052	3242693	5682945	4436613	7030639	
"Hong Kong, China"	8711579	12260255	15492483	17895804	16206575	12621374	12772656	16953679	7420811	8561184	9056649	6983628	
"Argentina"	4306017	6804128	6256572	6560806	6085768	5246944	5714331	5121535	4733007	3518716	7392262	6804650	
"Austria"	3405645	4229255	4760980	4723752	5030350	5851704	4968938	5003111	5848275	6923229	7622812	6641367	
"Slovakia"	897393	1790562	3457346	3655227	3458156	3376077	2237200	2408139	2584226	5244319	5967430	6431443	
"Iran, Islamic Republic of"	13286547	18300891	30332973	24869408	25389864	27503850	16034629	14952884	18544260	21098883	13401559	6401928	
"Myanmar"	646122	966087	1679873	1298226	2856867	15601279	5301349	4153067	4529452	4718842	6381768	6341811	
"Israel"	1524121	2607391	3037705	2922831	3181317	3140637	2804185	3176561	4197393	4631374	5157622	6285374	
"Turkmenistan"	38491	1044519	4693173	8673382	8893257	9516158	7827598	5563294	6575125	8119370	8685698	6071165	
"Denmark"	2290654	2645588	2813452	2904080	3375699	4057315	4096564	4266020	4200855	4388543	4955414	6008147	
"Czech Republic"	1131849	1727987	2318996	2406877	2614923	2986689	2781969	2947342	3693173	4406186	4628041	5132632	
"Mongolia"	1338679	2549854	3700776	3944214	3509547	5102087	3780384	3610183	5097219	6341575	6266588	5009483	
"Poland"	1504764	1696613	2047976	1997766	2231797	2934739	2744035	2532429	3349340	3646181	3943811	4319860	
"Ecuador"	763157	507159	579890	938410	775263	1064512	1239115	939684	1123352	1989541	3604999	4308841	
"Colombia"	974821	2103363	2394851	3156664	3620271	7598890	3538720	2510099	3902252	5902312	6276626	4297679	
"Hungary"	1466426	2197692	2452217	2323098	2715148	3259900	2871271	3462511	4082280	4338742	3747424	4281682	
"Finland"	3272223	4019477	4542073	3833207	3905642	4051184	3485381	3450722	4255065	4776333	4630685	4192379	
"Turkey"	1745485	3164059	3123228	3511810	4486234	3705396	2959585	2775455	3772268	3762714	3501654	3716233	
"Congo"	1738812	3122347	4672291	4555407	5712191	5479018	2617465	2277038	3796714	6702542	5934470	3357052	
"Zambia"	1272464	2578407	2775940	2686560	3047866	3060749	1815019	2189915	3071929	4132385	3298462	3306176	
"Gabon"	713886	969744	577976	618094	898644	1607935	1101221	1397924	2246013	2964328	4612508	3217543	
"Portugal"	480930	754426	1162064	1514582	1399461	1663291	1468894	1578828	2128048	2250094	2317890	2772221	
"Romania"	433095	755267	947048	979776	1207502	1520667	1298895	1442965	1820663	2170014	2323744	2638132	
"Guinea"	6240	54997	15567	10995	84092	41345	26709	649479	1549831	2246148	2504860	2475691	
"Nigeria"	896526	1071622	1583680	1273793	1546603	2656039	1237368	908837	1623769	1858994	2652140	2453394	
"Uruguay"	733762	1151841	1413379	1911220	2466419	2629094	2410638	1949320	2649883	2558705	2968171	2362703	
"Papua New Guinea"	357725	777486	815220	642259	797690	1403233	1885263	1617946	2064033	2819084	3064927	2282963	
"Area Nes"	37007	1389056	6041988	6266514	4650448	1546529	1282840	1328603	1396751	520905	1354554	2123319	
"Pakistan"	1260256	1730949	2118460	3140394	3196840	2753870	2477066	1906332	1830041	2179816	1807882	2123027	
"Lao People's Democratic Republic"	367319	601490	827588	787758	1010079	1777883	1316053	1346768	1567098	2029603	2159566	2063437	
"Ghana"	79622	123382	363185	643548	1203330	1452597	1295794	1301207	1850413	2426140	2543921	1740915	
"Cambodia"	36892	93627	184298	215314	363635	482915	666287	830091	1005217	1377338	1443924	1497998	
"Uzbekistan"	349419	1300780	807315	1091833	1938093	1597910	1266792	1606926	1474606	2324395	2180634	1483125	
"Brunei Darussalam"	282146	664330	566816	373085	89804	189717	97273	225718	351840	247641	451362	1436056	
"Bulgaria"	140997	322999	459982	840157	956743	984860	753035	583806	965340	1149083	1163231	1369464	
"Mauritania"	853928	967033	1517037	1468674	1728522	1168130	745118	737804	783442	858210	915855	1227814	
"Equatorial Guinea"	1055071	598657	1672947	1822803	2469918	3217190	1165362	632269	1466410	2131556	1723012	1154284	
"New Caledonia"	131891	56727	80846	149365	129247	334191	484180	497590	777809	1107650	1040695	1126124	
"Algeria"	946620	1177317	1960887	2311906	2164547	1314682	781572	333205	448196	1178824	1141660	996570	
"Egypt"	752543	917930	1518340	1320737	1851607	1159517	915956	549184	1334762	1834528	996819	905847	
"Belarus"	529594	476097	599466	663130	580512	738277	1010510	435117	515322	570989	914628	889891	
"Zimbabwe"	140850	246058	464055	584427	687839	835714	766420	727602	872842	890333	974025	873952	
"Libya, State of"	3173884	4515615	2063575	6375902	2038928	726370	949536	370966	1356945	4742280	4765665	812042	
"Bangladesh"	140722	268876	449036	479727	602366	761108	803718	861864	870833	985405	1036436	799614	
"Greece"	213028	390396	353607	427352	433267	345667	286141	282690	427042	564534	726214	773139	
"Armenia"	23939	46703	34632	35166	73139	167173	219081	274572	294824	313972	538932	772091	
"Sudan"	0	0	0	1554267	2100023	1521312	732863	495727	580255	670035	740420	766261	
"Cameroon"	397668	460904	662949	890432	366169	688877	781554	402926	496108	1095691	1015043	751653	
"Azerbaijan"	128317	86547	193720	214162	233583	297063	226373	412075	577445	382090	860157	682566	
"Yemen"	1237511	2779081	3135702	3604053	3061301	2932854	891450	166014	661147	717550	864442	677855	
"South Sudan"	0	0	0	499465	2468344	4329242	2322967	1455878	1269079	1588452	1510938	676874	
"Costa Rica"	2646447	3106845	3844030	5270200	4758054	4186269	826155	696909	790806	776351	720417	668621	
"Morocco"	375014	452322	475628	558416	531428	518504	528613	549114	644184	711068	635507	591090	
"Mozambique"	177554	201078	257241	403320	454875	1649822	452042	480133	527838	651384	711719	577165	
"Côte d'Ivoire"	62761	110529	162103	142556	257133	216268	144109	101366	157349	254377	460759	576138	
"Namibia"	312381	481495	224481	241268	257700	317341	213152	164021	296853	502981	511606	557871	
"Venezuela, Bolivarian Republic of"	4340905	6698878	11731210	14539106	13120097	11320054	6888273	5499079	7201764	7334029	4788365	533951	
"Slovenia"	126469	176570	202040	256030	302799	331465	289555	436364	494752	590975	516462	508596	
"Serbia"	28643	55116	77891	101566	180127	112741	133912	161821	211537	224519	362745	497675	
"Lithuania"	38113	42148	87607	89497	124786	157487	139708	163352	254510	331791	436794	487539	
"Cuba"	574439	764609	904045	569203	504634	333015	330656	273747	395879	479985	491944	471941	
"Panama"	28809	25287	42858	53026	43944	127495	315041	37549	61833	81823	443933	441986	
"Jordan"	112257	164706	256722	297103	169875	263204	287490	211100	278941	214182	433197	425714	
"Chad"	65367	495797	265319	220729	103500	108342	90692	104770	279556	93922	439827	420908	
"Tanzania, United Republic of"	195968	406945	489897	379281	552548	435102	378719	316971	334201	393915	366339	409039	
"Malta"	400005	569312	851729	884707	725238	591422	441124	399997	409726	349113	358582	387554	
"Solomon Islands"	178105	287054	348807	377698	404521	473834	460958	376200	556734	631846	461733	355416	
"Ethiopia"	214756	273970	292059	309366	315688	489954	380295	421157	357495	345313	343911	338419	
"Trinidad and Tobago"	103311	108067	340138	139662	119502	100733	39252	174869	182294	385092	682025	333510	
"Sri Lanka"	70149	102275	152888	161955	182564	248273	259235	272991	309058	340882	396576	317749	
"Senegal"	41975	51160	68709	51356	39730	47019	111785	161561	149799	128509	300982	315240	
"Guyana"	10747	17280	14528	26057	21129	40221	49373	28249	38383	43083	45986	304955	
"Dominican Republic"	98100	130741	292447	409574	290011	273805	211766	130495	168298	181302	471556	296262	
"Bolivia, Plurinational State of"	125494	189086	274535	324195	275774	492566	446775	318042	351538	331526	324116	293334	
"Eritrea"	422	1054	871	1259	50934	321685	187285	170972	165307	314578	209892	289364	
"Estonia"	79332	181908	205417	135750	199575	225498	234861	211443	260088	245474	299412	281389	
"Luxembourg"	204684	257868	309228	262580	256661	303804	309532	305537	307522	312210	282320	276220	
"Greenland"	44260	54548	47937	57448	72135	64522	90070	101198	133378	231912	273714	259975	
"Guatemala"	23330	36059	23345	68508	173934	51398	203535	99280	110323	86539	193017	256894	
"Macedonia, North"	24093	91756	154308	139606	107973	90585	136409	46065	86442	48374	148705	227255	
"Niger"	48	171	2105	37163	15875	79123	141037	125814	99456	171113	223868	224699	
"Tunisia"	107524	124900	219462	176976	176729	211920	184519	138711	196993	194965	208770	222658	
"Latvia"	26001	39062	63436	68827	99158	146910	144400	132147	177083	212840	195651	200465	
"El Salvador"	3472	7505	6377	7365	8988	10472	53907	45777	114364	164703	113268	171930	
"Mali"	37049	70411	149595	331685	152468	95651	92978	98694	67802	88509	160644	168900	
"Togo"	36373	61619	76599	84811	117944	166441	214942	105320	73167	145762	180432	164196	
"Sierra Leone"	10541	10770	28003	502909	1452659	1678696	169780	236445	348479	177191	197455	158548	
"Kenya"	29662	39208	59691	52408	52783	77039	98662	97101	166791	174200	181207	151002	
"Bahrain"	211237	251912	325836	348345	305181	183964	111579	63635	123886	150437	195654	146056	
"Croatia"	74856	50890	79531	74514	104266	100663	112094	161383	181791	212017	145387	138869	
"Madagascar"	54822	105382	103389	114443	173906	118076	174754	159083	225586	214707	204557	138703	
"Iceland"	33253	41320	75599	88961	75799	59757	65967	95159	110063	165756	142632	104588	
"Georgia"	17868	41802	38105	33582	54456	53111	44099	52526	67632	53914	81093	97353	
"Liberia"	3959	22483	41245	229945	164418	288449	181819	48522	28840	89245	112419	87987	
"Botswana"	65287	53366	100668	119479	193858	213879	142933	62156	33262	14230	17130	87486	
"Albania"	64320	147573	155368	142721	234841	189322	128655	129361	198078	107862	103783	79689	
"Burkina Faso"	116175	121094	182408	232656	186891	123904	44210	14000	20429	95736	59957	77694	
"Bahamas"	148	153	62901	116885	77	188	24365	51600	21005	12877	78589	72928	
"Bosnia and Herzegovina"	13562	17597	29895	23301	20880	37242	53729	43542	57207	77401	77040	72682	
"Macao, China"	246056	123550	162269	279177	387121	212408	185752	138923	102956	64078	66836	63136	
"Suriname"	11909	13232	15900	23353	28089	52672	50841	29068	26221	53027	53513	61103	
"Moldova, Republic of"	3258	6712	12829	18625	18586	24793	21514	24356	33916	38426	46726	60472	
"Benin"	93782	125632	176475	261538	206007	266631	78132	55316	91574	48324	154356	58253	
"Montenegro"	745	3064	12056	21458	16143	53560	24414	32617	66472	42190	43305	57368	
"Central African Republic"	14645	25164	28138	48619	40649	29273	26521	31562	28105	54109	36202	57071	
"Afghanistan"	1376	3680	4403	5187	9595	17372	11996	4489	3255	24109	29288	54512	
"Korea, Democratic People's Republic of"	793026	1194537	2475460	2502531	2927497	2867931	2506690	2576499	1674235	213208	215519	48001	
"Djibouti"	110	691	176	617	274	1685	898	132	12	204	20136	46249	
"Honduras"	50340	92629	146714	251074	234871	161664	35763	27711	23063	48507	31780	45927	
"Tajikistan"	184985	56048	72228	108829	88751	47699	50200	31243	46733	76804	84490	45268	
"Uganda"	20103	26567	40249	42875	71925	111569	85576	37760	33388	47167	42278	39689	
"Rwanda"	25698	38674	78129	71465	108450	91891	43362	33139	28850	39959	35063	38179	
"Kyrgyzstan"	48450	72069	98121	89021	62350	55424	56787	71229	86992	54359	65961	34779	
"Jamaica"	21562	3711	3971	30686	3811	37514	31174	15683	47411	76265	29255	31801	
"Lebanon"	8977	27275	25950	20327	45579	25387	17378	17596	22930	49081	25994	31787	
"Gambia"	6640	14998	54101	84713	77978	37932	55784	89705	99023	20062	71443	29740	
"Mauritius"	6026	10099	9687	10713	12868	14200	15421	19662	21866	37457	38862	26350	
"Cyprus"	15433	17207	26261	120612	52800	62577	49880	47720	53246	53968	57606	25224	
"Fiji"	579	950	1217	22161	59376	52881	21448	17150	17493	25310	14403	23580	
"Nicaragua"	3255	7119	24356	115850	91822	43369	34824	17827	28317	105735	45552	18952	
"Nepal"	5290	11416	13865	29520	43250	47067	22988	19449	15580	21992	33518	16154	
"Barbados"	2233	3808	6708	10443	12688	14802	18830	18629	24759	21274	20262	15163	
"Paraguay"	27454	45615	44493	47842	60671	55625	41938	22321	32964	40251	16573	13909	
"Lesotho"	1683	4529	7411	5418	13413	12081	12003	19639	24839	30104	31273	12262	
"Malawi"	16990	31476	46036	47503	38421	34143	29580	26112	27321	27356	15708	12210	
"Somalia"	550	1697	5796	3104	16340	29880	24677	11684	11798	16552	18638	7936	
"Vanuatu"	1367	660	2394	2418	2244	6915	14054	4982	14238	15734	14655	7856	
"Marshall Islands"	11870	5241	16542	23381	77754	43328	25008	20084	18269	33886	45069	7679	
"Burundi"	969	3458	13748	10678	9307	4143	2816	2734	6928	11931	12945	7672	
"Micronesia, Federated States of"	3964	2861	1615	10925	9983	5442	1344	6892	11656	21862	12575	7260	
"Maldives"	128	48	136	186	418	380	193	231	566	6663	33716	5771	
"French Polynesia"	2747	1099	5296	8038	4252	5726	2672	6589	6052	7036	6805	4154	
"Haiti"	2883	5950	7368	9968	15010	14832	10677	6376	7555	7547	4488	3026	
"Cook Islands"	258	1154	738	1018	1008	1703	1597	1203	5766	2502	1266	2644	
"Syrian Arab Republic"	10017	40288	26155	10915	4705	2128	3479	3255	1315	869	1399	1331	
"Timor-Leste"	23	250	1743	688	397	100	725	290	1562	3014	24561	1211	
"Cabo Verde"	0	12	12	1	0	3	23	83	5	290	29	1210	
"Dominica"	1160	2529	396	1146	109	566	654	935	708	119	477	661	
"Samoa"	7626	23	27	23	11	195	984	799	526	508	443	575	
"Eswatini"	15108	2504	344	100381	115072	46111	289	326	3252	27460	766	484	
"Belize"	13	252	2902	7787	8385	7272	1786	933	412	256	149	438	
"Andorra"	183	34	148	324	15	31	11	104	90	166	200	432	
"Saint Kitts and Nevis"	43	304	476	134	276	424	338	440	699	1189	363	424	
"Oceania Nes"	21	43	7	325	278	195	567	0	3	567	856	394	
"America not elsewhere specified"	0	0	17	279	9	56	388	34	3069	32	364	338	
"British Virgin Islands"	201	31	26	7	88	9	8	8	105	26	495	267	
"Tonga"	59	6	47	0	25	35	23	24	583	119	130	238	
"Europe Othr. Nes"	0	0	0	0	0	0	0	0	0	171	324	226	
"Kiribati"	4	5	90	173	456	2902	4003	9493	404	103	1919	222	
"Comoros"	2	24	7	6	8	9	22	13	37	28	32	117	
"Aruba"	146	142	35	13243	157	184284	6	377	5	34	56	89	
"Sint Maarten (Dutch part)"	0	0	0	0	0	0	0	0	0	1	7	84	
"Nauru"	0	0	9	62	37	13	92	16	85	121	23	82	
"Saint Lucia"	180	123	288	120	27	33	69	38	54	59	188	59	
"Turks and Caicos Islands"	0	0	0	1	8	14	2	0	2	0	5	57	
"Sao Tome and Principe"	4	10	2	43	2	0	33	18	0	50	14	47	
"Grenada"	31	8	1	4	32	5	12	7	11	3	2	44	
"Seychelles"	31	11	322	263	402	197	100	74	1471	25	68	38	
"Antigua and Barbuda"	96	53	51	71	339	38	7	34	6	45	73	33	
"Bhutan"	52	13	76	13	9	104	350	128	173	8	46	33	
"Africa not elsewhere specified"	6	15	4609	206	45	11	682	15	899	27	9	32	
"Curaçao"	0	0	199	147	1461	26	296	96	49	141	13	18	
"Cayman Islands"	7	316	90	123	264	1	1	17	3	121	82	13	
"Tuvalu"	8	0	0	0	0	0	994	26	7	9	26	12	
"Palestine, State of"	747	363	1041	338	186	86	443	309	117	444	140	9	
"Saint Vincent and the Grenadines"	104	22	24	2	0	0	49	62	63	233	1	9	
"Palau"	0	32	5	28	14	62	5	38	0	120	59	7	
"Norfolk Island"	0	7	0	0	0	0	0	3	1	11	0	6	
"Guinea-Bissau"	1617	3863	4113	6633	16828	49956	17812	161	402	7639	8402	5	
"Bermuda"	4	0	3	0	0	11	2	73	7	84	8	4	
"Montserrat"	133	24	85	39	22	9	5	9	53	3	3	2	
"Gibraltar"	0	2	23	3	6010	1	333	1	38	2	1	1	
"Bonaire, Sint Eustatius and Saba"	0	0	5	1	0	47145	0	0	0	0	0	1	
"St. Pierre and Miquelon"	1	69	0	0	4	0	0	0	32	0	2	1	
"Wallis and Futuna Islands"	0	0	0	0	13	13	0	0	0	4	0	1	
"Faroe Islands"	6684	13938	27130	49532	74571	105027	0	0	0	0	0	0	
"LAIA not elsewhere specified"	0	0	0	3	776	1060	0	0	0	0	0	0	
"Western Sahara"	0	0	18	0	7	7	0	0	0	4	0	0	
"Mayotte"	1	4	0	112	1	0	0	0	0	0	0	0	
"Netherlands Antilles"	1	25	0	0	0	0	0	0	0	0	0	0	
"Sudan (before 2012)"	4684822	6671907	9541534	0	0	0	0	0	0	0	0	0	
