Exporters	Imported value in 2009	Imported value in 2010	Imported value in 2011	Imported value in 2012	Imported value in 2013	Imported value in 2014	Imported value in 2015	Imported value in 2016	Imported value in 2017	Imported value in 2018	Imported value in 2019	Imported value in 2020	
"World"	928891172	1060672352	1261588484	1161247824	1187301533	1214915242	1053388444	1056664804	1164586085	1286008402	1236217435	1171580759	
"China"	79318156	103800346	112601120	102393093	100312728	107580164	101946561	104014508	115183864	125101066	123165529	133703570	
"Netherlands"	70206793	81234573	102777849	99542585	106236197	107890328	88068305	86331047	94549488	104529826	97396130	89110431	
"United States of America"	55787029	61153544	69261437	67205165	66571065	67526624	66428354	64142420	69868049	76179360	79839832	77279653	
"Poland"	30865755	36590217	44940677	42449937	47804573	52677854	49567310	51435745	57121975	65020284	64435078	66872661	
"France"	74210528	80236673	91466126	81711208	84194176	88574293	73935687	72652093	72570697	76813927	73968958	64443010	
"Italy"	51437324	55469075	66246065	61328020	61971043	64128499	54036205	57215601	62503877	71146737	63901631	61713371	
"Switzerland"	40386121	44135358	52541030	49639092	52077146	53867785	47127224	49120554	52102300	54821289	51847920	52424430	
"Czech Republic"	33414493	38024327	45478683	41760128	43831827	48840447	43447447	46731625	51582891	56147443	53313659	49858365	
"Austria"	37923153	43327980	50889534	46428048	47878974	47680377	40965636	42275636	45511686	49489237	46459920	44301309	
"United Kingdom"	44453586	49762876	60632048	52930006	51782588	50626648	41899255	39082685	41052569	43374270	42483543	39282145	
"Belgium"	38710830	43573067	51403026	46632378	49629350	51025159	39483220	40066764	44664391	53232953	45564783	39215888	
"Spain"	26416071	29085288	31301047	29837449	31389321	32956432	29036272	30822670	35430483	38313611	37100139	35779212	
"Hungary"	19182679	21714193	25341993	23736708	25855565	29184595	26365011	27679122	29802977	32331752	31982877	31414890	
"Area Nes"	823716	0	0	349	0	0	35798023	26109818	29197782	34607375	35504547	28713862	
"Japan"	27256699	31391416	34885269	29961882	27492037	26500610	22377628	24267202	25896658	28016813	26756331	24313041	
"Ireland"	19251379	17961192	17166289	12974604	11660523	11789826	11998963	13085647	13213641	15991247	20590270	24134494	
"Turkey"	11637227	13291164	16433879	15526526	16350055	17880771	16113896	17107232	18367627	19374084	17764158	17559879	
"Russian Federation"	23289316	31119378	41696767	41244185	39698776	37042740	22930858	20598602	25090016	29964134	24863110	17439146	
"Slovakia"	10199291	12155135	14928333	15441972	16270576	17018365	15033565	15824653	16535259	19524145	19756412	17318358	
"Sweden"	14160295	16985354	19647383	17708038	18474036	18640529	15477649	15836404	17527565	18665337	17203238	16821473	
"Romania"	7895539	8564362	11639143	11079611	12178935	13575175	11903352	13846099	16882192	18896141	17686738	15442400	
"Korea, Republic of"	11051006	15041553	13545687	10969600	10753920	10661567	8524684	8565734	12828572	14316894	13760781	12894923	
"Denmark"	14233087	13781477	16705629	14395137	14887657	15076848	12365865	12205392	13159911	14784872	13169187	12660363	
"Viet Nam"	3249832	3956805	5643214	6649829	7541006	8092434	8924402	9745278	10887622	11552172	10884226	11712633	
"Taipei, Chinese"	6628428	8712340	9619113	8449791	8654666	9496373	9059867	9486352	10712713	12031698	11330920	10911537	
"India"	7173469	8394778	10656510	9153660	9392277	9597572	8415246	8474420	9571303	10553285	10524025	10168344	
"South Africa"	5144424	6790003	8067558	5952418	5620478	5980961	6525245	6822957	8115012	9358822	10668196	9683095	
"Malaysia"	5670888	7699343	8812075	7041779	7485324	8240697	7780276	8452930	9790671	10567926	9741045	9569039	
"Mexico"	4477970	4923895	6097496	5609708	5243192	4942843	4956313	5695545	8510296	9265517	9734200	9002856	
"Finland"	7388148	7989412	9151414	7934444	8038187	9667916	9745537	8889270	9373664	10239291	10128026	8663978	
"Portugal"	4825032	5327870	6548531	6265843	6781728	6915295	6127349	6313687	7057139	7998023	8282476	7338254	
"Brazil"	9952081	12470262	15527406	13505750	11723894	11937091	9332237	8814518	8772875	8848335	7876491	6967305	
"Bangladesh"	2848877	3162905	4353179	4131706	4739682	5109834	5118758	5450674	6057318	6862576	6642811	6550026	
"Thailand"	4260896	5200694	5835169	5411958	5794034	6279363	5605767	5947336	6760592	7221556	6697897	6440682	
"Slovenia"	4090482	4847713	6175378	5890559	6092906	6404329	5748475	6088534	6693979	7447653	7034897	6390470	
"Canada"	4445852	5389452	7079731	5496800	5483815	4819135	4369125	4514824	4845403	5552533	6335980	6294512	
"Norway"	10469657	9855694	11494699	11785353	11886713	12711525	7986071	6454593	7605321	8682701	8398318	5649519	
"Singapore"	4576401	6255277	6764077	6549998	6459574	6691703	6507801	5929744	7369859	7780537	6444294	5491717	
"Bulgaria"	1816901	2180632	2904827	2863139	3621525	3440009	3215834	3545143	4389456	5097095	5194497	5253972	
"Indonesia"	3841969	4842361	6005218	5210638	4833416	4939161	4376321	4258830	4446841	4496499	3980284	4040126	
"Philippines"	2106392	3036915	2835270	2985412	3177905	3671584	3337557	3153143	4068973	4341362	4476824	3830470	
"Australia"	2557150	2797392	3837867	3591863	2951685	2390343	2272171	2394646	3268539	3082806	3370650	3392097	
"Macedonia, North"	497144	785524	1339707	1246954	1578513	2080716	2049563	2301316	2801060	3417504	3590145	3206958	
"Luxembourg"	3675617	3553268	4096139	3505067	3937878	3994736	3537654	3409447	3607543	4014797	3619958	3159944	
"Ukraine"	1738861	2167931	2668379	1869484	2093082	2195246	1862007	1981388	2541542	3124263	3209577	2882918	
"Kazakhstan"	3121362	4852874	5954187	5024004	5933935	5805576	3036882	3137906	3929053	4286517	3521227	2670384	
"Serbia"	836092	994467	1280748	1297357	1645124	1714948	1597541	1879531	2141260	2400178	2531069	2581305	
"Lithuania"	1530865	1923097	2358895	2279663	2320984	2125975	1857309	1887391	2066608	2298025	2358082	2549604	
"Greece"	2405235	2533033	2702744	2330750	2371952	2320229	1972157	2105824	2178853	2321073	2364446	2518354	
"Israel"	1881511	2240744	2597490	2145287	2185098	2198442	1872022	1875703	2149657	2343284	2406077	2468484	
"Pakistan"	930268	1139207	1584720	1269540	1416334	1697144	1583581	1670175	1881971	2007282	2015117	2118366	
"Tunisia"	1726281	1853056	2121040	1846523	1986483	2155192	1831634	1811801	1996963	2104626	2117553	1957656	
"Croatia"	929491	975900	1204137	1152346	1221649	1298847	1332091	1546952	1842457	2084222	2015442	1856306	
"Hong Kong, China"	1720901	2165519	2369363	2048364	2054547	2044091	1919595	1722982	1468677	1727074	1490081	1825422	
"Nigeria"	1640284	2667095	4841404	5701572	5492982	5305344	2183744	1515842	1809568	2803696	2513524	1809822	
"Cambodia"	412683	484429	730266	880257	1145210	1295914	1369353	1503629	1750045	1985929	1910359	1771611	
"Morocco"	624619	747569	963192	932713	1032003	1121923	1061586	1096581	1169811	1391191	1515492	1488138	
"Peru"	1175206	1697796	1908622	1887944	1298740	1461417	1248837	1173790	1370911	1493561	1425332	1430509	
"Chile"	2163027	2206226	2789674	2273801	2103742	2014819	1649810	1444730	1782280	1667899	1250154	1381556	
"Myanmar"	81802	79108	84659	56463	73261	134619	219495	354024	629884	1012138	1168406	1269927	
"Egypt"	1154703	1277845	2340541	1828613	1978528	2032570	1897369	1218995	1498766	1497746	1609382	1166600	
"Argentina"	2058033	2381448	3170636	2549153	2235990	2153311	1694735	1660838	1439369	1544689	1210717	1071625	
"Latvia"	542044	769613	915474	872010	843923	851605	716095	819133	973754	1082015	975717	1063335	
"Saudi Arabia"	901519	861406	1273430	2231676	2240875	1475186	969704	690222	915845	1386573	1308560	1052212	
"Estonia"	480435	555677	737060	630095	662927	702488	626160	707612	787903	974165	912360	912720	
"Bosnia and Herzegovina"	427831	541829	695981	613650	695833	728879	653901	691749	818311	955287	879655	882927	
"Libya, State of"	3929244	4111635	2769151	7123366	6216478	2290880	1335118	610039	2840230	4069908	4386707	849480	
"Azerbaijan"	1653390	1713862	2050508	2021681	3255950	3176878	2421374	1783934	1124667	1699428	1514434	833614	
"Colombia"	1121163	1285387	2210557	1797986	2011953	1942064	1590520	1403666	1377404	1102930	780686	831750	
"Sri Lanka"	509015	545270	659049	626283	600740	650981	587013	639709	743255	855848	846766	826530	
"New Zealand"	735774	746588	979762	813256	796485	868219	661902	735174	796803	880159	758077	814835	
"Côte d'Ivoire"	1297845	1138335	1515429	1320665	1274537	1041450	1076044	1029719	910463	1158900	940995	759226	
"United Arab Emirates"	657360	666597	1413640	1065828	1096879	1066835	974310	983475	1180903	1433001	1175246	748250	
"Algeria"	910780	920379	2769397	2430170	2718916	3356943	1730505	1449910	1304549	760756	741554	713835	
"Costa Rica"	483875	515434	556135	597456	625489	649157	497710	597719	592482	658240	675928	687349	
"Belarus"	648971	608819	932765	992720	641138	688732	752783	503659	573976	703588	621811	604789	
"Ecuador"	556875	531959	718256	682674	651525	704525	561120	587020	579357	596878	501157	496249	
"Iceland"	655333	950985	1079394	787770	764407	635277	550233	478531	495261	571619	591960	480809	
"Iraq"	117363	213041	501091	662810	591081	582023	497779	647139	1095011	1261060	738927	468150	
"Malta"	443841	347022	580891	424502	641093	437122	352844	422608	402564	450575	445899	423555	
"Honduras"	214730	247177	429189	486669	308699	379692	458334	440029	502591	408273	346164	394418	
"Ghana"	150776	180597	227542	508794	441714	176538	301425	310583	245231	462957	327925	341868	
"Iran, Islamic Republic of"	781345	1264999	1166653	478915	378479	314024	369181	346420	467787	520650	232283	314093	
"Moldova, Republic of"	110572	119558	155646	123199	164986	186406	178419	181990	235119	287728	291221	308802	
"Chad"	5223	90130	17852	4197	3534	4514	3526	4060	3048	1492	67392	278314	
"Dominican Republic"	129322	155302	182778	190083	229256	244653	218433	204952	197503	209714	254676	270843	
"Qatar"	101492	157611	116470	317946	306655	177021	187330	313733	390540	372316	325572	263093	
"Uruguay"	338786	574786	616115	491052	504221	318294	293764	394745	315729	348027	346305	231135	
"Madagascar"	87209	92461	115677	126368	151381	168637	181763	240517	261670	341662	213141	217659	
"Namibia"	168603	177758	268048	135084	145472	211316	166620	132931	163957	169532	145594	194289	
"Kenya"	144492	119821	169554	143594	152962	185360	180976	186257	177456	158488	155291	177789	
"Ethiopia"	168480	223774	303596	259240	204600	233242	192265	196171	195404	180871	163775	177129	
"Bolivia, Plurinational State of"	112977	101511	139294	109494	136058	142245	130771	157225	179916	183949	188839	176897	
"Papua New Guinea"	210937	294572	488773	528146	326060	388369	316512	188028	222958	246292	183345	167299	
"Albania"	48773	50053	86084	99663	110248	79892	80809	90035	113141	144982	162876	166314	
"Guatemala"	94856	107174	143876	146028	117180	154503	130729	161560	151604	133001	144463	153485	
"Mozambique"	100453	185997	179209	161354	205651	167110	166485	150516	274334	280944	298323	151320	
"Guinea"	111281	87615	116657	132476	111616	122694	149243	105637	95911	115304	128238	147039	
"Bahrain"	95589	76456	71924	47445	75140	73499	27446	35306	46366	80005	108754	143805	
"Mauritania"	98929	123474	184748	181929	146452	152881	95814	79445	112628	111006	97475	134807	
"Cyprus"	227729	330543	328287	169866	156251	122966	120231	161208	133714	127858	136407	133794	
"Cameroon"	61900	108439	275811	95631	153353	51767	59371	80536	84292	106309	105197	129595	
"Panama"	98647	98729	99993	48354	71401	71446	78092	44192	49362	41070	120908	124531	
"Lao People's Democratic Republic"	57390	65350	87900	79944	98152	91114	82674	82573	89782	109329	120545	119597	
"Uganda"	94551	105396	139329	121296	118197	94422	109207	99712	118902	118816	95186	103596	
"Liberia"	366930	36856	26911	19214	60757	89881	18499	74003	488071	148519	76532	102952	
"Georgia"	32807	78129	201787	243293	169999	129984	103136	99805	84393	86063	66760	90876	
"Nicaragua"	25990	28527	43306	41484	32683	30267	57009	43572	74158	94828	83130	88639	
"Malawi"	116814	131409	99436	99687	72759	118631	150153	110222	142759	135101	97176	88430	
"Zambia"	29469	28230	56820	42749	40588	31793	28409	39582	61274	72418	87376	83412	
"Tanzania, United Republic of"	108037	113053	224941	184777	167003	211991	185283	186184	132350	82323	91430	80280	
"Armenia"	120459	157294	184956	126562	96648	141715	153271	126000	127506	170512	128555	77706	
"Lebanon"	36802	40338	61570	61648	65985	59213	50457	58120	51842	50712	44838	58021	
"Congo, Democratic Republic of the"	21862	23350	14757	43057	135352	112173	96788	138616	127145	212506	77758	52466	
"Guyana"	9487	13511	11640	18163	13285	13416	11568	8817	11792	15626	11474	51651	
"Mauritius"	56773	54767	49889	50049	48754	50576	53036	69546	72754	65177	62751	48695	
"Cuba"	59332	66731	56918	62442	73045	60171	39616	50586	84079	66539	57809	48449	
"Gabon"	274181	137163	83201	154534	85741	19330	25003	23825	19692	39149	29232	47594	
"Greenland"	20315	18849	18221	18155	37034	27748	20760	21026	16634	12395	11396	47309	
"Paraguay"	61684	230851	312094	380424	312896	196608	165976	102187	112139	66405	53048	45458	
"Jamaica"	36257	53048	78570	24973	101261	57965	61209	113842	151862	136472	191387	44737	
"Trinidad and Tobago"	86596	122039	186032	96508	155763	236078	107657	40904	122944	91777	93145	43466	
"El Salvador"	104331	118046	220260	96971	84563	50609	53721	48303	64622	70431	44900	42187	
"Jordan"	43954	27796	22057	22700	39404	23097	28406	27115	30888	32923	37521	41203	
"Oman"	23863	23828	53032	67327	65501	88675	53368	43607	43743	54320	43388	40065	
"Uzbekistan"	39898	48777	46074	38840	30791	49652	19892	26973	27036	32095	35447	35850	
"Venezuela, Bolivarian Republic of"	1112895	944156	1046607	692840	424829	160184	154754	157860	291505	369759	295355	34289	
"Kuwait"	125018	89110	131918	349404	492335	182352	67350	12457	55251	47592	86600	34223	
"Zimbabwe"	37291	42444	56259	76403	66125	52408	40341	68820	67228	50318	47605	32325	
"Congo"	47628	41668	236355	87894	39283	20533	20382	26676	46414	22702	16003	31777	
"Montenegro"	5465	7493	23714	41990	47657	29339	21699	14491	15251	21619	21942	30927	
"Burkina Faso"	6904	8315	13678	8837	14223	20108	19398	42128	60942	67166	67683	27451	
"Sierra Leone"	11714	15297	18387	15571	11578	4158	12186	14653	23311	32374	41556	27084	
"Nepal"	38126	41767	49788	40643	37758	37901	36986	32921	32848	32842	33018	26509	
"Maldives"	4796	3762	11337	15432	14642	16182	25646	25142	21284	22938	28256	26487	
"Senegal"	8942	8200	9497	8676	18527	21126	17227	17243	19441	26865	24962	21987	
"Kyrgyzstan"	8143	8896	17713	19884	15957	15987	14323	17155	15716	16134	19726	21509	
"Fiji"	2887	2556	2849	2918	2163	3259	3009	2275	2356	1463	1960	19867	
"Faroe Islands"	19182	34012	26278	23686	31975	48630	19963	22680	20476	26671	23419	18821	
"Sudan"	0	0	33422	25542	20049	22610	23340	18304	22948	17186	13923	18371	
"Syrian Arab Republic"	1134208	1540704	1394991	102967	21875	11610	13912	17296	18618	17990	16862	18137	
"Rwanda"	15908	14323	18212	15464	8667	30201	25681	15244	16314	27336	14133	18078	
"Equatorial Guinea"	5043	5062	40956	95375	107995	85064	80691	96603	108663	87927	91783	17067	
"Afghanistan"	5885	31085	15186	19609	16461	29784	7418	13315	10564	13578	21281	16964	
"Mongolia"	15206	12000	18167	13422	16373	13481	14453	15172	9347	12460	19738	15866	
"Macao, China"	53489	19268	40334	69647	39150	30408	45079	41997	71448	67654	38885	15858	
"Yemen"	7433	5756	4587	8881	5368	6704	2606	2482	3856	2633	33845	14481	
"Gibraltar"	1066	299	1583	462	1091	779	3298	788	73117	2607	11946	12084	
"Marshall Islands"	165079	112120	34833	30	61	9	11316	3	17137	53596	14076	8927	
"Burundi"	35177	23995	36731	27939	10199	2339	14848	13115	7894	11332	15710	7466	
"Barbados"	7515	8434	4008	2008	2449	3107	2607	2686	1907	3492	7725	7412	
"Eswatini"	2938	19178	21151	35268	10569	5282	1580	3158	4766	5476	6218	6246	
"Andorra"	604	600	1350	467	1962	450	1567	2361	2912	14197	2134	6058	
"Comoros"	1380	1593	2433	2429	4873	6597	4638	5087	7037	4902	8192	5736	
"Seychelles"	8764	13965	5860	2493	2843	1349	1506	2901	3999	4307	2346	5347	
"Togo"	157605	125363	183027	49460	23899	16476	11650	3682	3393	7200	4966	5185	
"Palestine, State of"	549	235	291	599	698	1278	866	923	1091	1502	2808	4793	
"Tajikistan"	2456	3400	2330	3753	5021	3674	2128	1447	1952	1845	2341	4215	
"Saint Kitts and Nevis"	1184	2630	3913	2996	4267	4203	4281	4245	5613	6667	4677	3944	
"Falkland Islands (Malvinas)"	887	1793	2900	3514	712	567	1059	3187	2667	4268	5766	3921	
"Mali"	8364	4175	2994	4396	3624	4765	3455	5235	5447	9108	7242	3674	
"Lesotho"	946	532	1884	766	2297	1983	1644	1913	2447	2494	15104	3396	
"Haiti"	3621	13441	5502	4261	6133	3586	2849	2793	3581	3673	3986	2995	
"Somalia"	272	437	705	493	673	725	988	1269	1305	1082	3102	2652	
"Bahamas"	148826	344843	6184	14478	53370	7460	5060	7396	4437	1598	3254	2436	
"Brunei Darussalam"	3599	1032	3490	4901	2458	7006	913	1066	798	1547	1079	1975	
"French Polynesia"	5217	6444	6007	4465	3990	4643	3840	3221	3209	3330	2695	1909	
"Djibouti"	222	439	644	499	16	6	109	281	366	359	427	1869	
"Belize"	3015	476	653	3060	1452	1876	1484	3398	4833	3050	5597	1791	
"Botswana"	20415	22990	2345	610	6436	1400	2922	2430	6060	3564	3349	1746	
"Angola"	351275	301494	1192878	341124	623773	172888	84389	161998	50316	53639	2084	1706	
"Suriname"	48103	57749	7631	15846	5415	25932	14458	12967	1681	992	1736	1652	
"Saint Helena"	9	267	0	2	0	38	0	30	47	60	58	1649	
"Ship stores and bunkers"	0	0	0	0	0	0	1648	42	1179	720	366	1468	
"Central African Republic"	3700	2078	2210	1528	1809	1940	1607	1846	1406	1810	1349	1327	
"Grenada"	932	1405	3543	4246	7254	3100	1840	2463	3573	3406	1831	1193	
"French Southern and Antarctic Territories"	3058	2560	8378	7086	648	107	300	925	371	239	543	1153	
"Turkmenistan"	53920	92339	66578	97022	12761	183597	10518	57583	6562	2915	1027	1139	
"Niue"	67	362	36	0	2	0	76	564	588	783	264	1008	
"Tokelau"	167	263	12	11	0	41	74	70	227	23962	299	935	
"Benin"	3647	3503	10453	3671	10523	1719	1136	1160	979	930	3130	900	
"United States Minor Outlying Islands"	148	172	78	776	297	53	84	97	87	511	445	773	
"Timor-Leste"	2900	7525	19224	7181	5178	9246	3377	1503	4115	2740	1362	738	
"New Caledonia"	1005	613	1238	733	569	805	982	928	1267	1078	608	732	
"Niger"	133	96	116	126	408	124	109	150	197	251	1030	681	
"Cabo Verde"	1682	137	925	700	673	217	1091	117	83	1141	697	594	
"Sao Tome and Principe"	253	46	190	258	862	484	4	1	840	484	67	586	
"Korea, Democratic People's Republic of"	35729	43662	49670	11949	12331	12016	3632	3699	1902	248	229	547	
"Antigua and Barbuda"	1165	20835	7195	324	820	503	143	17948	1348	12570	8884	498	
"Curaçao"	0	0	735	25649	763	2131	479	1903	1153	2080	814	485	
"Gambia"	117	63	201	419	741	1533	754	178	337	548	758	369	
"Samoa"	9	152	635	113	191	1479	221	419	162	379	334	289	
"Cayman Islands"	1807	17	312188	135807	277227	7497	296	1382	1146	295	5173	279	
"Eritrea"	2687	245	177	177	55	56	6231	2	22	84	127	258	
"Bermuda"	31047	70728	70540	635	329	485	476	262336	931	763	1025	253	
"Bhutan"	415	3	1780	1394	6743	10441	11901	1756	5094	8656	1363	252	
"Saint Vincent and the Grenadines"	195	16	42	22	0	4	24	20	0	26	86	221	
"Dominica"	248	30	0	64	103	6	22	92	151	84	185	219	
"Aruba"	11762	171	307	318	181	288	969	155	56	110	157	193	
"Kiribati"	20	12	52	31	20	11	32	60	54	25	67	186	
"Sint Maarten (Dutch part)"	0	0	0	0	262	85	111	130	105	146	116	181	
"Vanuatu"	743	450	216	228	143	157	17	28	0	9	50	169	
"Solomon Islands"	265	3042	7367	5557	18018	1897	397	2514	7036	85	48	78	
"Northern Mariana Islands"	43	0	0	0	0	0	46	0	0	0	52	66	
"Saint Lucia"	125	83	52	103	304	151	248	212	62	83	69	66	
"Guam"	0	0	0	0	0	0	37	141	110	8	2	59	
"Cocos (Keeling) Islands"	3	0	0	0	0	0	0	45	0	33	0	54	
"Tuvalu"	2	0	1	0	5	0	15	19	100	210	142	54	
"Cook Islands"	56	67	24	8	0	514	2042	3992	3553	74	79	43	
"British Virgin Islands"	26880	3495	1272	1191	216073	47	157099	6655	1530	2520	2536	42	
"Anguilla"	3324	1167	499	270	86	24	10	14	18	70	51	39	
"Turks and Caicos Islands"	7	0	3	20	24	22	0	0	20	37	58	36	
"Nauru"	32	0	0	1	6	5	18	15	13	2	22	31	
"Christmas Island"	19	31	28	25	57	67	173	1	0	0	1	30	
"British Indian Ocean Territory"	41	0	0	17	0	0	0	5	0	12	47	25	
"Palau"	0	28	40	88	150	45	43	48	81	41	38	23	
"Micronesia, Federated States of"	35	47	62	81	61	27	33	55	13	31	13	19	
"South Sudan"	0	0	0	0	14	42	92	289	98	145	63	13	
"Wallis and Futuna Islands"	0	0	0	0	0	0	0	0	0	0	0	8	
"Montserrat"	47	16	1	4	0	26	0	0	0	2	1	7	
"Western Sahara"	0	0	0	0	0	12	0	0	0	0	9	6	
"Pitcairn"	355	5	0	9	9	5	3	0	0	21	257	4	
"Tonga"	40	0	1445	14	0	10	39	12	33	117	51	1	
"Bonaire, Sint Eustatius and Saba"	0	0	0	0	396	154	0	0	0	0	0	0	
"Norfolk Island"	3	0	0	0	0	0	2	0	0	0	0	0	
"Africa not elsewhere specified"	1381	772	1048	717	138	161	0	0	0	0	0	0	
"Guinea-Bissau"	0	289	3	0	0	0	46	0	0	150	2	0	
"St. Pierre and Miquelon"	0	0	0	0	0	0	9	0	0	0	0	0	
"Special categories"	35526939	33774103	49712572	44400700	44527148	38367174	0	0	0	0	0	0	
"Mayotte"	27	0	51	0	6	0	0	0	0	0	0	0	
"Netherlands Antilles"	5085	1268	0	0	0	0	0	0	0	0	0	0	
"Sudan (before 2012)"	21207	22511	0	0	0	0	0	0	0	0	0	0	
