Importers	Exported value in 2009	Exported value in 2010	Exported value in 2011	Exported value in 2012	Exported value in 2013	Exported value in 2014	Exported value in 2015	Exported value in 2016	Exported value in 2017	Exported value in 2018	Exported value in 2019	Exported value in 2020	
"World"	1125844048	1267743109	1483802558	1410146321	1450937515	1498238432	1323665116	1332489067	1444776367	1556622939	1486877250	1378030840	
"United States of America"	76297833	87421805	103181346	112269321	119125993	127776387	126090209	118236226	126254167	133896931	132857659	118774405	
"China"	52262376	71552785	90642574	86102711	89316350	99201360	79028920	84115719	97505540	109780291	107451431	109762911	
"France"	113102144	118330726	140516046	131164664	131619532	133479253	113907395	111782214	119164849	124447383	119212781	103537505	
"Netherlands"	73105413	81730271	93448453	87342585	90491653	93045615	81552341	82837796	90020575	99550047	92774475	88956433	
"United Kingdom"	74114907	77278975	89401172	90727204	94442690	104888480	98368704	94905257	95961991	96942954	88475888	76336157	
"Poland"	43005814	49611941	60202557	53532844	56170087	63110601	57696208	60327773	66667799	74762787	73609779	74232206	
"Italy"	70613653	77618191	85828428	71046413	70098925	71613560	64083976	67712471	73735334	82387243	75895458	68857974	
"Austria"	63761932	68330565	79124244	71554033	73352504	72909334	63840808	65482092	70104620	75389144	71033393	66749855	
"Switzerland"	49886837	55930655	67278677	63463871	63150724	62606692	54670993	55895711	61364846	64304110	63676565	64798039	
"Belgium"	57966551	58662692	64318098	55785418	55250847	55474865	45276822	45925963	49831849	52307614	51672860	49469703	
"Czech Republic"	30557921	35065252	41413529	38378443	40650287	44154932	40111389	42003067	46751005	51842656	49451433	44898254	
"Spain"	43631817	45338545	48435742	39879186	41607663	46242249	42974802	44843868	48610534	52254479	49530690	42842544	
"Hungary"	16287017	18729804	21953043	20829781	23244538	26339615	24209029	25190525	28148168	30921545	30096079	28158299	
"Sweden"	21688066	25678648	30664656	27108185	27309765	28391467	25443563	27502742	30144771	30958464	27888450	26638136	
"Russian Federation"	29592571	35937582	49359616	50180976	48738490	39845206	24003995	23823913	29110398	30575295	29725013	26354432	
"Turkey"	16393171	21678681	28160076	25950999	28498296	25664987	24703019	24216131	24280334	22729040	21903773	24422427	
"Denmark"	17846943	18334498	20339168	19075405	20732965	21514739	18487291	19206751	20691180	23572859	21488112	21070133	
"Korea, Republic of"	11173893	13666269	16347514	17277253	19262785	20826022	19818360	19059815	19740735	20416308	19316422	20281059	
"Japan"	15461099	17686179	21397447	22236864	22872493	22779313	18826075	20252781	22091562	24118012	23137108	19838354	
"Romania"	8928175	9663528	12248000	11772704	12797058	14290127	13554189	15006649	17107228	19201389	18849464	18140353	
"Slovakia"	9176344	11547391	14439690	13286692	14125092	14797917	13494660	13873927	14694568	16474406	15760231	15070783	
"Mexico"	7133905	9148733	10598271	11446026	11947601	12099606	12265035	12278572	14593792	16405187	15325969	12939912	
"India"	11327778	12382039	15190395	13445520	12219742	11885134	10794023	10822829	12073716	14733295	13336497	12232259	
"Finland"	9883370	10127837	11753963	10324539	10843050	11642828	9958768	10215943	12496199	13131622	12379238	11716687	
"Area Nes"	1425612	414020	1074763	5838	161189	24543	10663735	7204993	8577899	11636399	14254397	11256577	
"Canada"	7381632	8610314	10297239	11583623	11861049	11624787	10940978	10444233	10908993	11987577	12214370	10639700	
"Portugal"	8636018	10247442	9714352	7870355	8401935	9403427	8339167	8771720	10120566	11842849	11921000	10158833	
"Australia"	8874506	10482158	11676187	12077909	11441295	10395623	9339124	9938902	10728864	11820076	10320292	9682345	
"Brazil"	10199370	13849356	15627543	15151765	15134138	13945735	10937917	9441222	9586991	11165749	11367278	9657434	
"Norway"	8882086	9986798	11180706	11172987	11116263	11440171	8956518	9576217	9880297	10735017	10226420	9592067	
"Taipei, Chinese"	5444145	8057183	8757159	7471026	7854773	9171519	8190716	8348888	8679474	9323399	8729005	9340783	
"Ireland"	5095426	5498849	6212882	5976270	7241394	6904586	6480337	6458046	8897231	13564906	8938683	8791724	
"United Arab Emirates"	8768108	10352466	10773678	12718892	13321800	15225056	16165051	15961980	12527523	9745674	9768251	7905436	
"South Africa"	8123963	10274481	12214959	11464125	11431424	11127907	10675525	9754347	10742540	10461667	10342189	7475428	
"Singapore"	6983654	7985001	9032474	8482659	8481574	8423816	7321609	7427238	7826926	9422598	8181658	6988198	
"Greece"	9216853	7740508	7055375	6087984	6277520	6446459	5176068	5492371	5902755	6786484	6805822	6930273	
"Saudi Arabia"	6866302	7768058	9608612	10627977	12338480	11901919	10999829	8036914	7374342	7399019	6610835	6630874	
"Hong Kong, China"	5722830	7451366	8255634	7674908	7529195	7870979	6491092	7468875	7803633	7160950	6594884	6359646	
"Luxembourg"	5989625	7042683	8256768	6929686	7017861	6886149	5760586	5910857	6530244	7074521	6407508	6256019	
"Slovenia"	4252917	4757583	5498041	4947226	5439204	5444589	5045761	5253677	5909076	6588125	6133509	5604440	
"Malaysia"	4589011	5737581	6075738	6395853	6392913	6403863	5322491	5259835	5679467	6117086	6234610	5293219	
"Ukraine"	5335290	6317064	7647920	7619731	7296163	4886324	3228516	3978500	4952074	5291511	5327440	5103888	
"Israel"	3452466	3908342	4892706	4780742	4835378	5437763	4485880	4427716	4909341	5397477	5223790	5074280	
"Thailand"	3012931	3723358	4505958	5453954	5266389	5221447	4470650	4872170	5296872	5982415	5618451	4782934	
"Egypt"	3811779	4073560	3362597	3436001	3200826	3850824	3680868	4877081	4879249	3880534	4046493	4578354	
"Bulgaria"	2661625	2882183	3297762	3453647	3513650	4359302	3830094	3871152	4233710	4712110	4403465	4145809	
"Lithuania"	1968706	2312556	3071472	3049609	3281014	3405404	3064053	3341346	3686571	4081686	3872178	3936980	
"Croatia"	3223337	2762630	3200217	2871148	2719820	2968836	2911932	3288905	3709081	4261920	4177090	3846733	
"Serbia"	1964543	1956332	2293304	2198287	2302672	2481728	2338826	2519543	2871895	3429479	3568019	3524489	
"Viet Nam"	1600071	2034494	2525570	2541135	2463257	2632962	2528345	2879549	3952080	4813182	4812338	3398043	
"Indonesia"	2115681	2676590	2982005	4140157	4163875	3936958	2942777	2678270	3046073	3388981	3096932	2396499	
"Philippines"	1122054	1482430	1742432	1995614	2317216	2707994	2376020	2268255	2299891	3031802	2791157	2192191	
"Morocco"	1847313	1859998	2162778	2099096	2146725	2282876	2083815	2184936	2309690	2401163	2456259	2178723	
"Chile"	1707560	2412038	3170656	3320977	3717565	2822964	2647275	2704625	2596537	3132798	3228805	2159392	
"Argentina"	1937188	3194468	3749297	3511534	3769668	3267013	2938380	2847862	3341819	3448972	2681180	2116193	
"Estonia"	1180546	1572281	2156628	2025324	2228660	2269244	1760746	1832115	2010103	2363570	2039687	2085908	
"Algeria"	2265452	1930790	2209680	2451301	2820541	3531107	2657996	3547576	3476235	2554958	2279592	1883800	
"Latvia"	1128377	1271918	1840057	1840627	1879570	2010404	1794060	1868900	2027988	2117572	1928731	1765171	
"Iran, Islamic Republic of"	5315533	5099469	4383570	3301820	2495189	3224430	2271316	2837825	3364853	3186742	1691013	1764133	
"Ship stores and bunkers"	0	0	0	4820822	4846984	4671808	2829040	2891714	3436884	4493160	4018889	1724073	
"Kazakhstan"	1889117	1900596	2519782	2669846	2949803	2356472	1367149	1198856	1426728	1665795	1616577	1718678	
"Belarus"	2383476	2837712	3051806	3019083	3105002	2442035	1409019	1259885	1644834	1756019	1635406	1574190	
"Colombia"	1241920	1608596	1805280	2129198	1943543	2403537	2005167	1579347	1891040	1746868	1911701	1500263	
"Tunisia"	1741016	2143764	2179570	1816936	1769065	1764754	1498358	1529486	1786205	1766340	1626000	1417357	
"New Zealand"	859466	951990	1225905	1297256	1445145	1437219	1196607	1212282	1507994	1764359	1921423	1366813	
"Qatar"	1525497	2084761	1425135	1517057	1684316	2811706	2377851	2790341	2492776	1593075	1623672	1290783	
"Pakistan"	1052086	1034819	1067564	1123920	1111697	1076263	1124640	1282109	1360412	1544660	1248279	1210162	
"Macedonia, North"	576730	611008	741974	663843	731790	907530	926324	1036013	1180007	1425699	1410436	1185321	
"Kuwait"	1360750	1592660	1485180	1576226	1776921	1913353	1452073	1548668	1472665	1508079	1611171	1171171	
"Iraq"	857975	1201450	1614677	1655940	1861163	1539806	1100907	772414	751233	844999	1102005	1033048	
"Nigeria"	1532771	1455578	1823710	1645988	1791168	1852343	1143796	847817	1055711	1022561	1128645	1016001	
"Marshall Islands"	15894	353217	98028	192522	203324	756517	649701	162594	461748	802395	174067	992858	
"Bosnia and Herzegovina"	866177	862194	1043870	980776	1006704	1055124	904007	912957	964752	1067280	979621	895697	
"Lebanon"	872186	1066314	1021557	1129925	1045162	1044915	905375	902750	915684	896897	722834	892508	
"Peru"	611298	827902	1078354	1229330	1283488	1221510	925091	953969	985027	993257	1041729	864381	
"Oman"	631564	742906	1110239	1071430	1022599	928607	1039131	924508	1040320	950859	978404	837865	
"Jordan"	994226	1043978	967405	1124709	939008	922185	899405	784123	843042	958833	866322	723098	
"Uzbekistan"	472348	721186	685861	517262	572294	671104	465138	480078	660578	807051	979874	689559	
"Cyprus"	884103	937673	1032237	858094	1148296	759235	613923	755370	678047	759518	705546	634654	
"Bangladesh"	428175	620229	627276	543166	607374	768684	705803	773410	825319	978690	910039	606041	
"Bahrain"	427088	480927	666391	519674	477173	502335	458071	373172	503045	429536	423740	574907	
"Malta"	412450	552804	449781	415359	476287	767535	737562	660014	720068	801899	990872	557157	
"Iceland"	315585	370014	439476	435311	421637	415908	433903	677465	721999	852268	537677	477872	
"Ecuador"	367264	582081	580149	622083	555247	553262	462078	418581	509064	566293	508145	457860	
"Moldova, Republic of"	342317	392938	506500	502806	512911	468409	309705	310976	407767	475198	470988	416836	
"Azerbaijan"	617195	995785	1207040	1040458	1128673	1066198	747011	350622	401156	509726	496685	409815	
"Libya, State of"	1603008	1276847	451566	909847	1305069	732278	389672	330033	323685	382551	484379	400800	
"Panama"	357173	437865	438864	406844	568965	565995	446948	422853	443871	479027	645926	400726	
"Georgia"	262347	331461	483881	531459	454963	512997	397039	368509	387835	423606	450878	359958	
"Kenya"	283784	380169	353974	396373	404799	426583	406372	368332	345698	437043	392944	299820	
"Ghana"	296760	278826	387598	424276	418127	354170	292697	334356	300108	271770	267964	298062	
"Albania"	274184	210430	225744	232800	189976	213088	221292	344196	304633	296048	289927	293548	
"Uruguay"	203730	314225	397552	524275	477730	559671	495543	375377	282397	269010	266602	283910	
"Côte d'Ivoire"	135913	154494	138758	189695	198906	194921	168883	213448	245517	248882	237289	273088	
"Guatemala"	193581	247397	285520	261080	275307	278827	266580	285589	332803	332858	317469	272099	
"Ethiopia"	180897	188397	173114	218680	242790	319897	335870	380886	370256	297694	344070	269331	
"Sri Lanka"	212670	263467	316498	312051	340399	295536	315852	348901	645453	413360	354158	266371	
"Cayman Islands"	176954	540522	154884	54565	329020	228369	13979	846828	716447	750969	76330	262929	
"Liberia"	106379	142696	441638	94413	115631	442011	332532	218730	170820	296647	246511	262331	
"Dominican Republic"	206790	207105	232594	231428	256148	223533	231129	245814	261877	332328	301311	258530	
"Costa Rica"	200953	208927	262002	233791	223114	238028	230446	267636	263928	290518	238209	223138	
"Armenia"	202172	163280	175900	187166	179283	178877	166270	167148	172074	234898	200545	211601	
"Turkmenistan"	359364	348044	437353	419261	519819	368810	334909	391389	409637	170888	178024	191595	
"Senegal"	129300	98430	120545	101438	105802	134340	112199	138042	132170	147108	142270	184754	
"Sudan"	0	0	435807	213048	299314	210497	187405	187906	259102	184578	174191	180840	
"Mongolia"	55434	118905	202931	195979	233442	158426	102025	109188	116571	157851	166386	179581	
"Tanzania, United Republic of"	197996	155296	187262	225194	192450	228725	132522	151319	177026	176565	195361	179247	
"Cambodia"	20641	35025	46799	58142	75704	97180	133238	162861	282052	155323	158347	168733	
"Paraguay"	112536	136755	164544	162547	164894	168585	159535	152809	193776	208484	191919	164341	
"Cuba"	220211	222335	217794	234002	246004	254934	283031	261924	275456	267401	222066	162629	
"Myanmar"	53368	30389	59900	136415	167845	175454	163102	157569	133343	144363	169306	160490	
"Uganda"	88622	134047	142402	123242	96821	128391	89229	105297	119969	121869	122430	151002	
"El Salvador"	143867	90613	103915	382021	240479	322609	202330	152511	128504	251959	498257	138986	
"Angola"	422906	348758	352603	516918	380840	501511	370628	283686	291513	158817	143085	137851	
"Guinea"	37670	34101	34506	71663	43160	38945	96336	97807	138482	135517	166589	128184	
"Mauritius"	108808	123640	140125	125015	124280	121713	97322	133404	137825	154745	161965	124549	
"Cameroon"	124136	170087	175355	168774	206396	184398	169046	149995	134992	125215	108130	123547	
"Bolivia, Plurinational State of"	81078	108070	119802	133291	162101	173764	175225	154680	188061	169364	141336	118530	
"Montenegro"	101516	83104	89507	94128	101921	105500	84228	149633	121516	147645	133077	117906	
"Trinidad and Tobago"	243149	173110	134789	165620	147256	157721	132791	147752	96376	109015	111406	116113	
"Honduras"	79580	119957	165384	178129	156143	168406	155541	134770	136900	192995	160542	116045	
"Congo, Democratic Republic of the"	107953	126293	160580	170572	214616	172397	163707	91267	82149	105336	89672	114576	
"Mali"	99594	87871	115979	106060	142972	136876	130550	147784	123786	124530	95972	108448	
"Yemen"	282478	240453	131848	168184	328848	276165	159003	120493	88983	68205	98689	104510	
"Palestine, State of"	39780	44414	52596	64864	71185	70491	68020	93386	98451	105609	89051	94373	
"Seychelles"	34107	11560	14410	16110	34566	16141	15174	16655	21375	17738	94374	87435	
"Macao, China"	43473	46024	72964	76955	221728	113432	302560	169458	79075	116224	163592	84037	
"Burkina Faso"	30292	38383	55671	79176	62806	73466	51021	59880	101371	90993	68443	82367	
"Rwanda"	43124	30876	33060	43407	42970	38665	39973	43601	45063	51968	63632	79668	
"Afghanistan"	315568	358597	395948	380125	217867	153328	89543	55436	94876	95544	73091	79657	
"Togo"	57835	58790	79469	60730	89762	77608	58323	42777	45701	57571	58847	78285	
"British Virgin Islands"	31956	33735	265118	252208	59613	152674	598442	252277	96776	113404	503139	76657	
"Brunei Darussalam"	50562	169065	482024	66107	74004	177546	166975	73792	58061	129905	76402	71747	
"Mozambique"	130523	83888	80625	82784	123458	125240	134408	61661	63761	123461	109754	70332	
"Niger"	31663	25500	31230	33852	41700	42337	34183	18986	12752	25921	35951	68965	
"Syrian Arab Republic"	917113	879652	784589	278127	98055	91309	67827	57065	89800	103839	98152	67443	
"Mauritania"	76247	76822	218505	222011	143633	138437	93693	69491	77021	83714	75829	66090	
"Faroe Islands"	13411	14506	21323	96088	41352	53015	42554	98266	59265	88040	142544	65479	
"Jamaica"	31254	34148	46287	52027	57269	51186	58873	77509	75972	117703	70297	58930	
"Lao People's Democratic Republic"	16614	21628	39188	154166	52841	115052	45095	35074	34018	34921	23507	57398	
"Nicaragua"	26796	28065	37067	39777	52161	82073	66699	69087	67892	63631	53615	54999	
"Namibia"	126241	109620	223577	172571	221976	160026	96807	81053	75995	67378	66154	51173	
"Congo"	77881	86990	78274	87556	105510	127349	153444	89714	60535	49878	48338	50339	
"Zimbabwe"	26467	48312	69245	74431	51046	42478	50118	30078	32604	38754	36702	48742	
"Zambia"	49374	40840	63649	114670	204605	105345	64471	60708	64458	77286	71365	47243	
"Kyrgyzstan"	65769	52518	96227	130581	120402	113630	55979	53664	70256	70561	62934	45505	
"Botswana"	41468	49979	32249	59656	43948	75946	82956	80162	72962	87657	74092	45250	
"New Caledonia"	61458	82285	70651	63848	60589	68333	61800	48621	45022	48187	51356	45088	
"Haiti"	12701	35968	22116	12573	25579	25738	34290	25488	29738	45440	31590	44851	
"Tajikistan"	36332	47612	35303	37152	47589	59638	49215	42959	62762	56760	31940	42149	
"Benin"	94128	93339	116723	101281	123698	104361	74638	48638	36619	46409	40291	42143	
"Andorra"	41399	49985	48346	39304	42817	52896	36518	44471	43829	50680	48904	41183	
"Madagascar"	93314	51023	43685	44240	51995	57947	40255	33642	47368	46402	58844	38710	
"Venezuela, Bolivarian Republic of"	1072311	948119	990522	1190606	990656	925034	570844	276756	191925	149617	58173	38475	
"Somalia"	833	5916	2906	2436	5192	7163	16520	10324	15258	26819	30704	33056	
"Nepal"	25845	30115	23178	27545	42792	39003	167227	32314	173114	54315	48433	31878	
"Bahamas"	56501	22333	78319	193588	112259	35185	45820	49311	36120	51023	36230	31700	
"Gabon"	65082	86054	112399	107371	121824	107326	59047	41556	44750	57296	44007	30435	
"Malawi"	18883	24021	22796	27878	36264	16666	21549	19257	27669	22676	34014	26767	
"Maldives"	17524	18725	24914	29384	26381	36661	34954	40821	50185	54307	47407	26640	
"Suriname"	23966	29672	30319	30252	46784	39047	30892	28080	22586	25831	28917	25894	
"Gibraltar"	55169	161508	139154	117824	198561	61746	21393	22488	235774	32053	33716	21408	
"French Polynesia"	30571	34272	28152	28979	32766	29153	29260	32116	29920	35064	28013	20971	
"Papua New Guinea"	45447	25896	47022	88801	35666	38830	35510	29633	28442	26643	33544	18818	
"Curaçao"	0	0	39458	37372	23908	18834	27786	28007	31996	48068	25146	18783	
"Djibouti"	14292	9100	10311	13488	23021	10912	20538	24054	21992	16710	18741	18444	
"Gambia"	16689	12344	11964	12797	11987	11501	11178	9120	12391	13939	22897	18140	
"Equatorial Guinea"	32470	31383	52889	44891	33980	26156	29843	18433	16896	21884	24299	17942	
"Barbados"	15914	21101	37175	15237	17972	19530	20490	25965	16804	18678	27395	17473	
"French Southern and Antarctic Territories"	103586	21777	42459	7411	5615	3883	4085	2548	10135	3303	10696	17169	
"Sierra Leone"	15258	18777	47189	51079	30542	32284	30380	22379	24524	23591	18631	15220	
"Guyana"	13414	6552	13099	14367	14483	6246	10337	7692	12782	11564	12300	14233	
"Chad"	23724	26532	16809	25040	21520	47087	19455	20454	11262	16034	17138	13412	
"Bermuda"	16810	887422	132995	5846	8962	6099	467110	9317	15121	9359	134678	13168	
"Greenland"	12662	4259	5863	6212	6495	7702	12477	18865	10363	11271	14848	13033	
"Antigua and Barbuda"	45177	59882	17166	9353	28445	13156	17225	15062	15140	17755	8761	10481	
"Burundi"	14279	19328	12711	20552	22286	19501	8000	13648	11634	11272	14965	9804	
"Fiji"	4695	3177	49901	7193	11622	11498	8436	9954	13317	9564	9710	9725	
"South Sudan"	0	0	0	0	14828	6347	10231	5629	4506	5852	10640	9251	
"Eswatini"	5545	7243	6334	5156	9554	13579	9891	7011	10824	8587	9273	8877	
"Cabo Verde"	12856	17812	19446	9430	13890	10852	6827	8329	13244	11356	15642	8772	
"Bhutan"	4140	6197	9209	3795	2839	4738	59130	5167	2424	2082	5662	8099	
"Central African Republic"	4543	5850	3483	4339	1845	8677	10615	8913	18602	11798	10768	7578	
"Aruba"	8377	5230	12704	9742	14314	9819	10628	11317	10705	8305	10083	7317	
"Eritrea"	18338	25720	34005	34716	40134	25790	15636	9387	10721	15597	14354	6603	
"Saint Kitts and Nevis"	1529	6206	6681	24217	93357	72656	6436	43268	36992	8139	14745	6167	
"Grenada"	2693	1954	2568	3567	3280	1453	1899	2632	4899	4492	3441	4434	
"Guam"	0	0	0	0	0	0	4057	5533	5047	7100	6983	4153	
"Belize"	9875	12927	27491	173365	26104	34684	15597	7167	5123	3406	3489	4144	
"Saint Lucia"	4668	3962	3337	5947	4201	7982	3350	4741	5671	4094	3315	3510	
"Sint Maarten (Dutch part)"	0	0	0	0	5768	5135	9345	6163	5534	4243	4635	3349	
"Northern Mariana Islands"	408	45	5724	1132	1263	137	301	4556	681	463	584	3263	
"Guinea-Bissau"	2068	2865	6633	1790	2281	3380	2799	3427	5256	3239	3059	3207	
"Saint Vincent and the Grenadines"	6136	3729	1569	1936	1958	3405	2470	1954	2533	1584	9787	2915	
"Lesotho"	7281	1623	1930	2022	8604	3027	5952	1751	2129	1673	1894	2792	
"United States Minor Outlying Islands"	5733	10328	6796	66340	8420	5642	2738	1305	791	1804	1133	2604	
"Comoros"	845	2167	1841	4457	3879	1454	1433	5810	1622	1370	920	1713	
"Turks and Caicos Islands"	1183	1064	662	1109	1884	1586	1138	1538	1088	1176	1833	1673	
"Anguilla"	1516	2073	74	818	7669	43	4042	1408	337	1253	459	1384	
"Korea, Democratic People's Republic of"	35358	22835	17500	29934	18398	13252	7877	6283	4306	3104	1251	1083	
"Dominica"	1239	1165	1057	1578	888	1239	1171	1130	1476	1740	1731	884	
"Sao Tome and Principe"	730	565	523	742	1836	964	579	665	292	337	1280	650	
"Tokelau"	3599	7365	264	129	722	28	69	102	4928	732	190	492	
"Montserrat"	717	10	576	213	98	314	39	35	59	102	112	457	
"Vanuatu"	4777	632	233	381	887	453	850	1115	1064	1048	748	424	
"Cook Islands"	4538	2	481	593	104	2539	117	494	1221	995	1082	353	
"Timor-Leste"	3149	298	623	751	189	148	837	187	2154	258	349	316	
"St. Pierre and Miquelon"	552	160	106	510	641	634	299	390	263	751	394	297	
"Samoa"	668	544	427	292	883	1487	978	1326	644	2178	3194	265	
"Saint Helena"	7727	387	66	46	0	8	19	127	39	105	82	259	
"Tonga"	2403	238	445	454	2464	32	778	517	130	198	259	259	
"Solomon Islands"	1306	170	136	425	1061	558	678	836	492	303	415	240	
"Wallis and Futuna Islands"	152	119	163	268	154	147	163	113	170	100	119	156	
"Micronesia, Federated States of"	133	5	50	1	156	225	85	260	86	228	56	125	
"Palau"	398	267	353	47	52	44	287	34	32	256	24	125	
"Tuvalu"	487	0	0	0	0	2	93	53	0	27	11	97	
"Falkland Islands (Malvinas)"	3922	1032	32	348	181	4011	399	581	243	85	74	58	
"Kiribati"	303	19	99	43	140	39	101	55	66	15	35	54	
"British Indian Ocean Territory"	3540	127	0	1644	8	5	2	5	0	0	19	45	
"Norfolk Island"	309	164	147	102	139	147	108	162	98	111	100	39	
"Niue"	2301	2	0	0	0	0	0	71	3	0	0	31	
"Western Sahara"	0	0	0	0	99	267	287	92	43	70	54	15	
"Cocos (Keeling) Islands"	376	1	0	0	0	0	0	2	0	0	159	1	
"Christmas Island"	239	0	0	0	0	0	7	0	0	3	161	0	
"Nauru"	1449	3	58	2	3	0	43	18	4	41	163	0	
"Bonaire, Sint Eustatius and Saba"	0	0	0	0	561	1202	0	0	0	0	0	0	
"Africa not elsewhere specified"	35103	21785	23040	19939	18573	21102	0	0	0	0	0	0	
"Pitcairn"	629	4	39	11	97	109	57	36	8	0	18	0	
"Special categories"	4396024	6513494	12136657	9288122	9647100	8185727	0	0	0	0	0	0	
"Mayotte"	4461	6903	5217	5163	3878	0	0	0	0	0	0	0	
"Netherlands Antilles"	38208	34589	0	0	0	0	0	0	0	0	0	0	
"Sudan (before 2012)"	285341	316426	0	0	0	0	0	0	0	0	0	0	
