Exporters	Imported value in 2009	Imported value in 2010	Imported value in 2011	Imported value in 2012	Imported value in 2013	Imported value in 2014	Imported value in 2015	Imported value in 2016	Imported value in 2017	Imported value in 2018	Imported value in 2019	Imported value in 2020	
"World"	38786162	56792378	73960656	67973972	74441745	65735988	59786946	55609530	66702809	65482814	49125030	42355637	
"Brazil"	11819237	17948822	22181035	17676647	19161458	14340808	13005591	13597452	17869324	15697797	10159331	8685285	
"China"	4822599	7649019	10572982	9900612	11312451	10776371	11749039	10467476	12309505	12078804	9258744	8656340	
"United States of America"	5169636	6125400	7810169	8476098	8069314	9107001	7705939	6984637	7535152	7716402	6273636	4414057	
"Paraguay"	698956	436801	515026	450632	530822	498619	409413	711340	1086435	2176720	1646757	2217872	
"Germany"	1993913	3215186	3645600	3698229	3892128	3532730	3127228	3053219	3228345	3351365	2765873	1987983	
"Bolivia, Plurinational State of"	212689	350467	629204	1297331	2844471	2544780	1480893	708709	1246891	1441567	1368970	1030444	
"Italy"	849918	1296733	1482386	1452611	1666022	1637508	1370153	1435769	1674555	1559222	1126337	1007191	
"Thailand"	411194	640045	695916	861457	945947	816058	813960	1132210	1258956	1328604	1184467	999297	
"Mexico"	1163819	1817107	2533167	2250815	2161330	1647287	1822055	1784854	2081261	1877254	1125233	945641	
"India"	368033	566904	631153	652782	776689	698543	724327	700220	823660	888569	809031	800997	
"France"	811124	1529361	1521188	1591401	1739789	1423431	1450005	1447324	1264704	1110312	885267	781898	
"Viet Nam"	76115	111269	190116	155511	199734	196983	329462	350296	621726	636594	658496	754495	
"Japan"	909013	1191260	1414644	1498452	1520911	1376055	1223677	953419	1057501	1082404	895214	723680	
"Spain"	788041	1024147	1395640	1317203	1371192	1077958	957153	920999	1451562	1430822	977231	705567	
"Chile"	664986	885048	1092800	1005805	970456	823529	717239	689451	859432	709895	536586	539469	
"Area Nes"	1720922	2339218	4395778	803157	664819	713780	540470	421210	556236	596099	582614	452889	
"United Kingdom"	375638	486839	664162	614831	582675	543308	558548	471382	497827	569334	583189	420726	
"Switzerland"	401212	485798	544882	552984	511560	533648	688961	517109	579973	580829	404729	420017	
"Uruguay"	348260	586782	605838	517395	519414	463837	407421	465513	482681	496221	435863	374791	
"Korea, Republic of"	615982	967905	1144584	1137226	1239823	917417	1071392	885606	836177	643244	502291	365477	
"Taipei, Chinese"	291104	444583	539095	506916	544399	470571	481129	411390	443516	411632	283921	324510	
"Netherlands"	231210	394127	435195	1129725	1074998	781511	452224	429141	490151	532179	446926	322528	
"Canada"	254127	408845	626554	510611	489641	556791	462150	345260	660173	386539	334606	293836	
"Ecuador"	137406	163413	209751	235956	274020	261125	271781	274849	323189	319188	241577	272375	
"Malaysia"	284840	328060	434221	447506	490005	401735	354557	291550	317457	290982	263784	271030	
"Belgium"	202194	293988	419067	435397	766959	418707	285593	312474	361918	315825	240525	263566	
"Ireland"	110985	173411	191462	228197	230264	243849	205093	192062	226483	248152	226519	253384	
"Morocco"	58786	105698	143385	111507	44788	50183	33678	107401	133768	175790	200708	245299	
"Indonesia"	178985	316188	372599	343714	380522	300308	314621	275977	345798	345415	292328	232782	
"Egypt"	53244	33089	74043	49686	116543	9710	6551	8199	35231	83907	129065	209485	
"Colombia"	108786	149976	241563	355247	435395	232729	231428	201010	232968	290947	220593	208953	
"Turkey"	93824	176564	249541	298966	381196	245171	186330	173235	211904	274023	227368	196183	
"Hungary"	47426	72520	119790	129139	148555	110733	149587	223264	312411	296571	205479	172494	
"Russian Federation"	109819	397842	791881	1123997	1720946	1344245	678691	393753	340984	522088	240660	166179	
"Sweden"	253807	213941	332556	284194	309060	303157	239206	289029	451750	238996	307054	155364	
"Denmark"	140047	140739	177571	149998	161256	164175	171603	168923	187618	303836	209427	152812	
"Poland"	65554	123678	149511	173237	222211	196251	182384	146998	261821	250739	225928	143066	
"Australia"	183310	325162	409556	281888	206057	159154	268064	159676	278640	364605	247039	142070	
"Finland"	110517	159542	213047	211958	173636	159695	140677	140797	250816	161803	122969	140884	
"Austria"	139023	173190	191194	298069	229436	200330	167291	168030	200583	199177	201025	139736	
"Israel"	85888	127396	178239	131783	148548	115292	120796	117787	144193	177186	134934	130760	
"South Africa"	100743	141195	204929	238116	242534	222783	179084	183007	194277	218331	137604	123637	
"Singapore"	109272	165953	168833	147411	123287	191434	114215	157460	116555	103610	156379	120369	
"Peru"	68202	120920	163212	161024	133232	128735	127747	124886	158943	188978	128127	117519	
"Czech Republic"	70714	138960	162633	154764	164499	163799	157599	159519	178526	189536	130700	110139	
"Qatar"	189	75284	290873	448592	1060505	828767	172567	276158	449205	458307	35829	106898	
"United Arab Emirates"	2819	14829	48117	32942	49494	29829	40070	70894	48704	137890	186096	91540	
"Philippines"	57309	58781	78834	87878	104926	97191	92824	102430	135955	130772	102999	85948	
"Portugal"	66512	95271	87520	93043	228294	105417	173934	75981	119121	155849	73609	78515	
"Trinidad and Tobago"	233375	511353	1275218	1905166	1861350	1842142	967428	291386	164725	153840	160846	75235	
"Oman"	84	11213	24295	654	1445	3940	22255	45597	32137	152379	52503	68031	
"Algeria"	89	78	3521	5	10	55528	22	49469	17060	86999	63508	67759	
"Saudi Arabia"	1993	28874	33763	75269	19660	62597	176506	245946	94393	204203	116234	62179	
"Romania"	18934	22561	41844	57765	57540	74762	67554	80515	77188	111840	84284	56129	
"Norway"	26979	67428	52053	180920	90287	162713	312393	132809	41565	71552	44029	47262	
"Slovakia"	41465	65928	76462	58789	72373	51559	46008	75849	69526	62402	41607	41628	
"Pakistan"	37954	48762	64408	52213	61602	55127	55809	55202	45135	55963	35441	35300	
"Argentina"	34030	28810	36856	46537	34210	28258	30330	31009	29973	29476	42221	30472	
"Cambodia"	5997	6522	14291	12228	15358	7409	13012	14770	16303	22746	20569	21291	
"Bahrain"	0	17328	0	5044	6841	990	276	445	7707	1314	3085	20251	
"Tunisia"	8431	36233	6803	9962	18522	6844	6720	7313	7931	44416	7621	19123	
"Slovenia"	8361	10765	16239	17440	22589	24943	16399	20100	25462	22001	15073	18055	
"Ukraine"	20032	64854	34253	20461	18952	10720	28154	8762	16840	24471	18986	17513	
"Bangladesh"	6346	6701	11749	8761	9296	8639	10413	13199	17520	44425	28926	17318	
"New Zealand"	14037	13408	15789	21334	16332	21463	21384	21784	17139	15964	12845	16215	
"Costa Rica"	29349	34670	47948	51348	53031	43850	26925	14645	17737	14646	14007	16121	
"Lithuania"	1098	23121	10426	50605	17338	21611	8575	9436	19045	53543	4709	13950	
"Bulgaria"	6227	10631	43350	9658	18003	10467	11331	15140	39655	17861	16015	13462	
"Serbia"	408	643	831	1133	1018	15995	3960	4364	8270	8663	9223	10930	
"Kazakhstan"	22683	16457	10029	400	4533	17133	7077	2917	3100	2945	824	10333	
"Greece"	4172	4476	17368	14370	14587	48516	13981	7225	21218	9465	6922	9553	
"Sri Lanka"	6026	7867	10417	8980	6402	7139	7633	11126	12465	11928	10080	9298	
"Luxembourg"	7809	4656	13913	12850	9580	13431	10259	7675	12595	12140	9096	7775	
"Togo"	0	0	0	3	3	0	0	0	0	4	21809	7740	
"Belarus"	6032	28024	57871	69856	7491	11341	9060	6978	11762	33524	11048	6624	
"Hong Kong, China"	20268	28778	38172	31101	28525	34218	33442	14955	14528	12779	7769	6544	
"Estonia"	990	2681	5926	3197	4056	13606	65969	29392	9456	32270	9020	6405	
"Venezuela, Bolivarian Republic of"	15498	21492	23693	24930	51601	9674	6555	67949	15613	8479	917	6290	
"Jamaica"	14	9	18	10	8	3	5	22	115	1000	9766	5684	
"Georgia"	37	20	270	198	376	386	251	373	119	259	636	5238	
"Mozambique"	548	1764	2508	3583	2855	6093	4973	11058	2884	0	361	4974	
"Cuba"	3707	11967	8835	10886	11303	17213	22140	14164	5998	5581	3822	4610	
"Latvia"	52363	77546	81504	30045	13770	23342	4062	3934	6327	6333	4404	4369	
"Myanmar"	7666	7602	10657	7433	8183	5931	7483	10868	6306	7539	4986	3638	
"Dominican Republic"	2259	2769	3246	3774	2738	3383	3166	3370	3845	4652	3183	3425	
"Macedonia, North"	4311	1767	4284	5144	2388	7925	3801	2247	199	2523	3759	3006	
"Bosnia and Herzegovina"	920	704	259	994	1582	660	483	777	704	1870	7760	2748	
"Croatia"	573	1112	6156	2509	3461	3158	3462	3794	3808	23529	25684	2672	
"Guatemala"	2755	4896	13267	3985	4002	3934	3045	3016	2345	1721	1020	1891	
"El Salvador"	256	300	581	315	609	475	517	576	579	2082	267	1477	
"Madagascar"	1008	498	481	547	744	545	663	1104	904	1303	1069	1467	
"Cyprus"	50	44	330	288	106	99	64	188	147	572	1222	1242	
"Jordan"	224	402	817	929	1776	2612	264	1309	2088	1931	2434	1120	
"Iceland"	395	1422	1448	520	482	3178	1178	1151	966	3319	760	1016	
"Côte d'Ivoire"	762	1473	1773	1997	1712	1524	1825	2302	14030	3781	1263	995	
"Ghana"	212	118	470	19	80	95	1	0	124	207	630	856	
"Iran, Islamic Republic of"	8609	23673	16933	1396	68	6097	838	3936	4535	1653	777	841	
"Malta"	1457	7650	7222	7391	4434	2650	2182	2598	1841	1589	1328	816	
"Macao, China"	395	55	220	113	145	364	332	531	238	275	326	738	
"Libya, State of"	0	8697	0	0	11707	0	0	0	4874	0	12183	726	
"Honduras"	115	115	1760	323	8675	12462	14092	12461	10927	5976	1997	680	
"Somalia"	12	36	78	4	432	4	9	0	10	14	6	613	
"Nicaragua"	22	183	268	211	400	419	236	417	334	606	545	565	
"Uzbekistan"	13	29	0	600	940	2047	2428	3163	183	106	301	483	
"Grenada"	0	0	0	0	0	0	199	311	450	359	546	475	
"Zimbabwe"	0	1320	3450	1157	2195	476	908	631	673	301	335	450	
"Albania"	13	154	327	505	155	340	202	110	269	306	723	396	
"Kenya"	351	241	464	84	303	51	102	157	137	211	385	384	
"Lao People's Democratic Republic"	177	19	24	115	41	15	46	107	332	580	713	297	
"Kuwait"	3	1968	7170	30746	0	8085	1836	14818	15075	10888	9	270	
"Gabon"	131	351	573	1623	1747	2578	1180	1010	1007	614	623	268	
"Tanzania, United Republic of"	15	3	9	43	203	2248	1611	1038	310	224	57	268	
"Lebanon"	2335	650	741	533	2688	415	173	4476	292	598	210	236	
"Ethiopia"	13	391	142	251	134	194	43	62	63	33	104	219	
"Mauritius"	148	210	202	125	187	269	287	276	581	838	348	182	
"Iraq"	0	9	15	5	3	21	2	0	4	571	783	181	
"Sudan"	0	0	0	120	239	499	377	253	423	342	98	158	
"Saint Kitts and Nevis"	515	266	130	32	63	14	0	0	10	9	283	155	
"Haiti"	52	85	73	55	108	79	84	82	152	298	248	149	
"Panama"	118	589	1779	228	290	683	176	1957	189	250	201	130	
"Suriname"	3513	0	0	5559	1	0	0	2	1	2	0	91	
"Malawi"	4117	1342	2776	6390	4457	3838	691	680	67	5	52	68	
"Moldova, Republic of"	33	4	783	39	10	11	11	41	60	222	104	62	
"Curaçao"	0	0	4607	154740	5029	7108	4937	3602	1458	12	9	60	
"Armenia"	122	1	502	474	1	1	18	24	86	3	3	59	
"Brunei Darussalam"	0	0	0	2	8	0	0	3	0	0	20	53	
"Palestine, State of"	0	77	0	0	0	0	0	0	71	67	57	42	
"Nigeria"	1023	2598	207437	57082	258905	597797	886910	405324	462918	285034	1921	37	
"Papua New Guinea"	20	1	16	45	13	4	22	2	90	41	33	36	
"Comoros"	13	6	16	31	27	30	18	23	74	29	23	33	
"Namibia"	2	1	21	13	8225	6121	7	58	0	2	2	26	
"Djibouti"	0	0	0	0	0	0	24	119	16	0	15	24	
"Seychelles"	63	15	60	69	60	25	0	43	66	57	47	20	
"Syrian Arab Republic"	470	921	2060	2889	86	63	15	30	4	0	2	16	
"Uganda"	0	0	30	0	0	7	2	7	3	2	0	15	
"Lesotho"	0	0	0	0	0	11	0	0	7	3	8	14	
"South Sudan"	0	0	0	0	0	0	0	0	0	0	0	13	
"Burkina Faso"	0	0	5	17	0	14	0	0	0	11	0	9	
"Yemen"	0	0	173	1	11	67	0	0	18	39	5	9	
"Sint Maarten (Dutch part)"	0	0	0	0	0	0	0	0	0	0	0	8	
"Tajikistan"	0	4	0	0	2	0	0	0	0	0	0	8	
"Sierra Leone"	654	190	9	4	652	385	0	216	69	37	57	8	
"Cameroon"	110	63	413	143	328	181	421	306	180	321	20497	7	
"Nepal"	122	162	257	417	205	291	58	243	561	11	4	6	
"Turkmenistan"	0	0	1	1	1	0	0	0	35	2	8	5	
"Congo"	174	545	115	75	34	73	67	35	6	43	31	5	
"Kyrgyzstan"	78	6	140	3	0	0	1	2	3	0	4	5	
"Rwanda"	0	0	0	0	0	0	1	3	2	2	0	5	
"Benin"	0	0	0	0	1	2	0	0	0	11	0	4	
"Dominica"	44	2	5	14	7	64	4	4	8	5	13	4	
"Guinea"	0	0	3	6	4	4	3	37	15201	7	2	4	
"Senegal"	2	6	52	162	99	102	1	90	10852	9154	8	4	
"Eswatini"	0	0	46	12	28	3	0	1	7	96	4	2	
"Congo, Democratic Republic of the"	0	0	0	106	0	47	0	0	0	1	1	1	
"Azerbaijan"	115	15	0	1	51	27	31	0	44	0	38	1	
"Barbados"	0	0	24	0	0	0	84	1	14	10	16	1	
"Bhutan"	10	0	0	2	0	2	0	0	0	0	1	1	
"Belize"	0	0	24	2	14	7	0	0	0	0	4	1	
"Timor-Leste"	0	0	0	0	0	0	0	0	0	0	0	1	
"Chad"	88	30	104	138	66	125	0	0	0	0	0	0	
"Equatorial Guinea"	0	0	0	312	31	0	71336	13089	147589	21816	0	0	
"Gibraltar"	0	2	0	0	21	0	0	0	0	0	0	0	
"Liberia"	0	0	0	0	0	0	0	0	0	0	0	0	
"Montenegro"	0	0	0	1	0	0	1	0	2	5	2	0	
"Nauru"	0	0	2	0	17	1	0	0	1	0	0	0	
"Vanuatu"	5	2	0	0	0	0	0	0	0	0	0	0	
"Europe Othr. Nes"	0	0	0	0	0	0	0	0	0	39	0	0	
"Northern Mariana Islands"	0	0	0	0	1	0	0	1	2	0	1	0	
"Marshall Islands"	0	0	0	0	0	0	0	0	0	0	142	0	
"Guinea-Bissau"	0	0	0	0	0	0	0	0	0	0	21	0	
"Free Zones"	257595	307460	173851	156984	188411	167045	140299	96974	156258	0	0	0	
"United States Minor Outlying Islands"	0	0	0	0	44	1	0	2	1	0	0	0	
"Afghanistan"	0	0	8	14	442	23	6	18	46	13	27	0	
"Andorra"	69	0	52	30	103	198	261	246	33	8	3	0	
"Angola"	0	4	18	6	13	9	28	10980	6763	0	2	0	
"Antigua and Barbuda"	0	0	0	0	0	2	0	1	0	4	1	0	
"Bahamas"	2990	4449	5245	5536	24188	3974	3098	3214	5041	3674	2782	0	
"Botswana"	0	0	0	2	1	0	0	0	0	0	0	0	
"Solomon Islands"	0	0	0	0	0	0	0	0	1	0	0	0	
"Burundi"	0	0	0	1	0	0	3	5	4	4	0	0	
"Cabo Verde"	0	0	2	0	0	0	0	1	0	0	7	0	
"Central African Republic"	0	0	0	0	2	0	0	0	1	0	0	0	
"Eritrea"	0	0	0	1	0	0	9	0	0	0	0	0	
"Fiji"	9	30	33	55	44	8	21	25	30	8	6	0	
"Gambia"	2	0	0	3	1	1	0	0	1	9	7	0	
"Guyana"	0	0	1	16	15	4	0	136	14	0	1	0	
"Maldives"	0	0	0	22	0	0	0	0	3	0	1	0	
"Mali"	1	1	0	1	0	0	0	3	3	5	4	0	
"Mauritania"	62	31	1	26	0	14	0	0	0	2	1	0	
"Mongolia"	1	0	3	11	0	0	1	3	7	1	1	0	
"Netherlands Antilles"	3897	1634	0	0	0	0	0	0	0	0	0	0	
"Aruba"	1394	0	24078	0	0	0	0	0	0	0	0	0	
"Niger"	0	0	196	8	5	2	0	0	7	2	10	0	
"Saint Lucia"	5	5	5	2	0	0	0	1	0	0	0	0	
"Saint Vincent and the Grenadines"	0	2	0	0	0	0	0	0	0	0	0	0	
"Sao Tome and Principe"	0	0	8	0	0	0	0	0	2	0	0	0	
"Sudan (before 2012)"	190	69	211	0	0	0	0	0	0	0	0	0	
"Tonga"	3	0	0	18	0	44	0	0	0	0	9	0	
"Samoa"	0	0	0	0	0	0	0	0	0	0	2	0	
"Zambia"	21	25	251	31	0	39	0	0	72	0	0	0	
