Importers	Imported value in 2009	Imported value in 2010	Imported value in 2011	Imported value in 2012	Imported value in 2013	Imported value in 2014	Imported value in 2015	Imported value in 2016	Imported value in 2017	Imported value in 2018	Imported value in 2019	Imported value in 2020	
"World"	12630542396	15338445302	18371606290	18522078580	18866531073	18926026108	16566800341	16068777562	17785831105	19662461602	19080085436	17551465827	
"United States of America"	1601895800	1968259901	2263619100	2334677700	2326590200	2410855500	2315889217	2249113117	2406075845	2609126878	2563536173	2406931650	
"China"	1005555200	1396001600	1743394900	1818199200	1949992300	1959234625	1681670816	1588695867	1840957060	2134987265	2068950255	2055590612	
"Germany"	928891172	1060672352	1261588484	1161247824	1187301533	1214915242	1053388444	1056664804	1164586085	1286008402	1236217435	1171580759	
"Japan"	551984751	694059160	855380474	886031094	833166061	812184752	648436326	608071912	672100069	749092205	720964445	634678167	
"United Kingdom"	552042035	627617523	717606233	689137011	657222528	694344323	630251058	636367936	640907689	671694258	692494170	634174870	
"Hong Kong, China"	352240745	441369198	510854738	553486469	621416868	600613066	559305500	547124448	589317440	627327031	578590151	573061310	
"France"	540502283	599171506	713675254	666675231	671253553	667601846	563204454	559429399	610231098	666157927	643953084	569325016	
"Netherlands"	382190422	439986633	507677196	500607516	513062603	508158047	412644304	408052966	461902679	521035628	514857688	485489156	
"Korea, Republic of"	323081675	425208007	524405224	519575597	515560844	525563837	436547721	406059974	478413948	535172391	503259397	467540264	
"Italy"	414783638	486984372	558831982	489104116	479336353	474082559	410933398	406670670	453583034	503581134	474957328	422648102	
"Canada"	321227568	392108702	450579509	462366181	461785073	463088977	420159798	402638900	432857718	460109333	453157225	404275453	
"Belgium"	353667131	393450957	466264500	436933674	449014195	453701093	375661116	379391797	409464298	455053174	427766455	395854450	
"Mexico"	234384532	301481734	350842806	370751407	381210149	399984248	395232368	387064500	420369150	464276595	455289486	383305535	
"India"	266401553	350029387	462402791	488976378	466045567	459369464	390799463	356686417	443852795	509273228	478883729	367980363	
"Spain"	287479842	318163804	366058447	331680210	335251392	352758967	304708111	302931265	341421161	391056705	375485170	329738801	
"Singapore"	247216197	313071074	372640257	385832692	388046699	377937643	296773959	283045050	327492650	370940515	359008256	328822696	
"Switzerland"	155572597	176280626	208219898	295071061	321053934	275053993	253547999	270135316	269726453	279244339	277207598	291035118	
"Taipei, Chinese"	174457882	252079969	281809545	271518081	270128149	273647330	228407580	229052733	257510859	285050277	285906281	287171262	
"Viet Nam"	69948810	84838553	106749854	113780431	132032531	147839048	165775858	174978350	213215299	236868823	253442016	261309452	
"Poland"	149569836	174127590	209191546	191430112	205613793	216687292	189696474	188517819	217978576	267699887	246653880	254660433	
"Russian Federation"	170826590	228911658	306091490	316192918	314945095	286648777	177292663	182261656	226966395	238151375	243780553	231667985	
"Turkey"	140928421	185544332	240841676	236545141	260822803	251142429	207235628	198601934	233799651	223046879	210346890	219514373	
"Thailand"	133769639	182393380	228483302	247575852	250708238	227931507	202062328	195702347	224999327	251099199	240139196	208615061	
"Australia"	165601136	201703334	234205823	251217222	234065772	228857928	201212236	189223659	221108910	227703770	214273705	202277035	
"Malaysia"	123575279	164586273	187573009	196196619	205813525	208823429	176603461	168780403	195080585	217664499	204988314	189559672	
"Czech Republic"	104849536	125690658	150813416	139726824	142525808	153225461	140716186	142327656	162898932	184924023	179273065	170677595	
"United Arab Emirates"				261022920	294955904	298608729	287024695	270779149	273710850	261510757	267937296	168289203	
"Austria"	136418429	150592664	182349824	169657276	173366038	172446638	147927653	149987386	166475081	184195201	176596131	164635579	
"Brazil"	135377600	193184262	238706132	235404476	252281705	240763370	171449051	137552003	150749453	181230569	177341225	158786825	
"Sweden"	119948707	148788239	176944638	164544938	160587347	162258343	137987267	140983635	154195426	170591780	158959381	149792259	
"Indonesia"	96829163	135663280	177435550	191690908	186628631	178179340	142694804	135652914	156925150	188711246	171275737	141622127	
"Saudi Arabia"	92457155	103621530	127962727	151260013	163013499	168239638	169967750	129795972	126758508	135211178	144334893	131328602	
"Hungary"	77272443	87432095	101369997	94300665	99295902	104178438	90760851	92209667	104283799	117381593	117324011	113422659	
"Ireland"	62566426	64600595	73781587	72218452	74089275	82595131	77795266	82028942	88828357	106931073	101473370	98388912	
"Denmark"	80096730	82724280	96008493	91325522	97251543	99567828	85327361	84427761	92117788	101663501	97209694	96791228	
"Romania"	54256269	62006624	76365285	70259719	73452192	77889071	69857682	74604617	85318177	97877633	96644319	92056306	
"Philippines"	45877737	58467804	63692684	65349781	65705431	67718869	70186127	85935069	98484468	115119184	112908749	90758564	
"Slovakia"	55159945	65644055	78796436	76372724	80809203	81119383	73053050	74920611	81935090	92952835	90908109	83379706	
"Norway"	68968818	77330165	90783501	87307782	89807227	89439401	76325060	72604228	82713861	87611853	85927067	81320407	
"Portugal"	71810897	77682426	82923618	72506492	75713900	78395891	66909182	67952834	78746119	95629299	89541380	77882921	
"Israel"	47362724	59193894	73526105	73112080	71995022	72331780	62065472	65802693	69109264	76597902	76491065	69247462	
"South Africa"	63766058	83099781	102793029	104180411	103309108	99794562	85754735	75126145	83293796	94023947	88216179	68704670	
"Finland"	60830317	68767144	83861658	76089021	77587002	76773255	60174388	60501950	70100320	78352161	73719857	67878407	
"Egypt"	44912463	53003406	62282017	69865552	66666449	71337744	73975174	70649458	66763870	82444514	78657518	60279554	
"Greece"	71538438	66452643	66692056	62504427	61148120	62180636	47263980	47595035	55300598	65141448	62198045	55533638	
"Chile"	42844129	59007358	74848007	80085757	79347346	72849514	56963962	53343397	59482676	68518296	64119106	55317055	
"Ukraine"	45412944	60737135	82607537	84656667	76986013	54381409	37516153	39249626	49439156	57187093	60684881	53978092	
"Nigeria"	33906282	44235269	63971542	35872509	44054639	44675780	33839240	35947713	28839569	36477277	47387304	53010001	
"Bangladesh"	23245039	30503835	41221652	36356219	35493348		48058710	43052158	50337800	57694725	58004860	48749888	
"Pakistan"	31583718	37537025	43578259	43813262	43775183	47544889	43989645	46998269	57518651	60391133	50134812	45775135	
"Morocco"	32882050	35378882	44262937	44789782	45190815	46191743	37581282	41683368	45083716	51253928	51067504	44518195	
"Colombia"	32897671	40682508	54674822	58087854	59381197	64027610	54057599	44889367	46075705	51232805	50413025	43488662	
"Argentina"	38786162	56792378	73960656	67973972	74441745	65735988	59786946	55609530	66702809	65482814	49125030	42355637	
"Kazakhstan"	28408680	24023627	38010237	44538071	48804580	41295456	30567762	25174833	29304709	32533536	38356664	38081411	
"New Zealand"	25565851	30615545	46877856	38242731	39619173	42509938	36758506	35986017	40139986	43816734	42320991	37055600	
"Slovenia"	23901831	26591708	31236843	28382568	29375441	30049306	25870229	26690370	31149444	36267338	38162054	36512669	
"Peru"	21813514	29965750	37891035	42162927	43321707	42177198	38059620	36129331	39763959	43144346	42364042	36064092	
"Bulgaria"	23340812	25359886	32493611	32743134	34316573	34740042	29265116	28947101	34119335	37906343	37674821	34964636	
"Iraq"						37064477	47146646	42078535	51546815	53666081	51027496	33684743	
"Lithuania"	18340633	23378047	31801288	32237640	34813225	35217367	28176442	27391399	30978718	36501414	35759416	33344356	
"Algeria"	39258327	40999891	47219730	50369391	54909973	58618080	51803071	47090684	46053016	49494682	42521470	33332022	
"Belarus"	28568992	34884451	45759077	46404389	43022675	40502360	30291493	27609884	34234849	38408912	39476679	32767433	
"Kuwait"	19905568	22691404	25141992	27263901	29298895	31488818	31909234	30826337	33569729	35866655	33530893	27735027	
"Serbia"	16047433	16734509	19861908	18924891	20550990	20608585	18183937	19218765	22125720	25816931	26548364	26154982	
"Croatia"	21204851	20067005	22714694	20834262	21931994	22906873	20580471	21829865	24512647	28113089	28004414	25986635	
"Qatar"	24921923	23239820	22333208	26082481	27037804	30469097	32610464		29896357	31695930	29178065	25834886	
"Ship stores and bunkers"	19159391	25215051	33992117	42779384	48013337	45462877	27865618	22438239	28215489	37965827	31953231	23647148	
"Iran, Islamic Republic of"	54889534	55729565	57487546	51457988	48431895	52249795	40043150	42702118	51612277	41236168	35276061	22300495	
"Luxembourg"	18770618	20399988	25971634	24284890	23934080	23850012	19296338	19123618	21070832	23118820	22673693	20609618	
"Uzbekistan"									12035209	17312259	21855139	19955151	
"Cambodia"	3905714	4902524	6143333	7466708	8231540	9702422	10668923	12312973	14289542	17393051	20279485	19296193	
"Dominican Republic"	12054439	15138223	18156133	17430206	17844951	17751695	18964691	17788808	19564514	22187864	22202313	18537603	
"Guatemala"	11521363	13830314	16610814	16978686	17503978	18263244	19279540	17001012	18387684	19655080	19881010	18206520	
"Myanmar"		4865895	8571168	7849398	12009122	16231476	16913265	15695738	19253455	19353893	18610892	17964198	
"Oman"	17851474	19774506	23619398	28117623	34331193	29303100	29007335	23147560	26434873	25770092	31690640	17918055	
"Ecuador"	15089885	20590848	24286061	25196517	27064499	27518178	21387292	16188693	19844273	23004103	22393118	17803362	
"Estonia"	11359986	13196568	18963366	20070376	20186202	20184650	15731849	15682263	17372913	19826321	18677042	17782736	
"Latvia"	9336920	11143288	15430779	16082388	16778949	17127924	14095807	13736507	16053149	18612966	17767575	17346994	
"Jordan"	14075297	15262001	18301082	20691384	21549016	22740258	20474909	19207038	20407329	20309901	19336709	17034953	
"Tunisia"	19096174	22215362	23952125	24470606	24266395	24793340	20222503	19487208	20618073	22694714	21573847	16389442	
"Ghana"	6464803	8052407	12602676	13578113	12787233	16786417	14687477	11361004	12718142	11880471	10439795	15787978	
"Sri Lanka"	9431851	12353708	19696480	17884922	17930809	19244461	18967231	19500757	21316200		19474314	15607090	
"Kenya"	10202001	12092926	14884839	16283586	16409449	18401662	16105950	14112089	16691228	17380309	17220379	15405371	
"Marshall Islands"	13441642	10907627	14141917	11089230	13504074	15841152	16681133	17237658	16138103	13354402	11958628	14904587	
"Panama"	13876550	19365829	25382541	27218424	25720267	24780413	22509571	20935017	21938950	23003618	21490941	14739520	
"Costa Rica"	11550461	13920244	18263805	18355993	18124469	17186199	15504471	15324723	15927184	16566308	16108703	14456986	
"Ethiopia"	7938372	8597015	9146410	11659258	10955385	14718276	16282654	16408484	14692143	14408720	15575890	14134431	
"Liberia"									1286608	9792950	12349304	12316357	
"Macao, China"	4750943	5629450	7926842	8982053		11395935	10602580	8924463		12068650	12024019	11950497	
"Lebanon"	16231585	17969735	20162637	21279830	21228485	20493725	18068787	18705306	19582150	20395955	19239394	11354653	
"Libya, State of"	12859379	17674368						10448764	9253728	13472909	15501101	10813873	
"Azerbaijan"	6119060	6596797	9732869	9641724	10763392	9178588	9214281	8472500	8767799	11460338	13649506	10729787	
"El Salvador"	7325362	8416163	9964508	10269627	10747533	10514176	9740799	9271587	9904450	10935489	11337642	10089251	
"Honduras"	5922938	6895088	8541779	8646776	8603906	7984500	8386748	7918034	8612909	9428835	9157061	10009982	
"Côte d'Ivoire"	6993212	7861223	6711111	9769251	12720573	11117788	10405703	8405917	9621667	10999899	10482561	9958616	
"Paraguay"	6961626	10033466	12366126	11555136	12142040	12168558	10291214	9752574	11874760	13334452	12187407	9936281	
"Bosnia and Herzegovina"	8363714	9222998	11050575	10019077	10295187	10990420	8993966	9141881	10445400	11627663	11159373	9867492	
"Yemen"	9184847	9255368	10033590	11259564	13272928	12041581	6572823	6355250	7263885	8759752	10252621	9139141	
"Bahrain"	11993377	16001647	17643318	14249141	18617509	20073673	16377718	14721614	17390914	20591586	18589050	8942078	
"Macedonia, North"	5043115	5474485	7027162	6522388	6619586	7301343	6426767	6757023	7730127	9051677	9445513	8709069	
"Tanzania, United Republic of"	6530823	8012874	11184221	11715589	12525411	12691110	14705969	7688595	7710240	8514022	9077091	8477673	
"Uganda"	4247371	4664338	5630875	6044147	5817510	6073528	5528117	4829459	5595535	6729377	7696029	8250512	
"Nepal"	3754389	5115880	5915923	6017474	6451695	7590090	6612094	8878502	10250585	12857931	12325259	8038508	
"Senegal"	4712899	4776840	5908917	6434216	6552182	6502674	5595355	5477912	6728704	8081617	8146866	7820339	
"Uruguay"	6906725	8621758	10726378	11652108	11642380	10762297	9246512	7476190	8514436	9001622	8313649	7667928	
"Cyprus"	7933397	8644722	8788558	7376934	6418315	8068198	7129415	7872929	9310363	10809450	9179163	7503603	
"Angola"	23918854	18143269	20790996	28722984	26756063	28753499	13167391	14311911	15462319	16385608	14160146	7265015	
"Sudan"				6602470	6742764	9711724	8413439	10275537	10276865	10483741	8154317	7243387	
"Bolivia, Plurinational State of"	4408976	5603873	7935744	8590085	9699045	10674101	9843078	8563811	9308486	9995948	9784564	7079997	
"Gibraltar"	7151248	9467764	15594242	17603484	15425634	11719195	8874879	8154007	8639555	8935061	8228423	6808131	
"Venezuela, Bolivarian Republic of"	38676637	32342887	48725657	59073186	44951787	39620973	28871260	15904473	10884532	11946186	6177724	6730823	
"Congo, Democratic Republic of the"							8068012	5491784	5803108	7930393	8824802	6663099	
"Namibia"	6208419	5979723	6457277	7132032	7574548	8530994	8167122	6996270	7033407	8288940	7715202	6612697	
"Cameroon"	3788599	5133283	5074398	6515068	6657200	7561139	6036815	4898887	5183629	6133566	6165015	6587572	
"Nicaragua"	3478611	4190756	5047260	6029660	5498844	5746418	5877625	7475806	7707930	7351014	6985509	6545027	
"Botswana"	4728029	5656806	8306972	10293589	7433499	9150155	7227478	6127476	5329442	5921256	6558523	6503332	
"Mozambique"	3764207	3564230	6305647	6177210	10099147	8743074	7907623	5295313	5761505	6819155	7638740	6437597	
"Georgia"	4475318	5235753	7071609	8053872	8022261	8601807	6645426	8778457	7797844	7193193	7398894	6143458	
"Lao People's Democratic Republic"		1836634	2582095	2597521	3552280	4452379	3778389	4107068	5159709	5848036	5797445	5900236	
"Iceland"	3603989	3914349	4845760	4771916	5019243	5371919	5314144	5707482	6949223	7690725	6560654	5710976	
"Albania"	4548288	4602775	5395853	4879830	4880593	5229972	4320219	4669290	5293902	5941287	5908003	5602160	
"Moldova, Republic of"	3278270	3855289	5191271	5212928	5492393	5316959	3986821	4020359	4831415	5764282	5842487	5415674	
"Afghanistan"	3336435	5154250	6130671	7794374	7558656	7729168	7722865	6534140	7792600	7406590	6776781	5332469	
"Brunei Darussalam"	2395646	2538563	3603286	3572227	3612435	3598740	3236550	2672160	3083679	4122737	5101654	5321313	
"Trinidad and Tobago"	6955437	6479599	9553308	11615580	12395843	11411688	9297809	5881941	5873450	5928376	7163292	5320284	
"Zambia"	3792642	5321000	7047894	8808403	10568229	9792773	8884428	7346031	8722572	9551926	7226897	5313730	
"Malta"	4034117	5732175	7395938	7896221	7525361	8445209	6788001	6430553	5998613	6775027	7066686	5236991	
"Zimbabwe"	5719474	5337326	7984010	6938769	7216365	6069848	6002587	5335637	4962103	6801946	4793889	5047869	
"Djibouti"	647615	1996407	2510483	3334383	3284329	3340654	4263874	4529911	4843741	5808787	5301007	4664140	
"Mongolia"		3200053	6598242	6738381	6357821	5131455	3797518	3339604	4337320	5874788	6127356	4655456	
"Guinea"	1455491	1607716	1902447	2067933	2401047	2509210	2471843	3527315	4216667	4449426	4499351	4570861	
"Armenia"	3174631	3781767	4109348	4266896	4256218	4159517	3256965	3218458	3893455	4849935	5071644	4541430	
"Jamaica"	5064256	5225227	6436592	6580358	6216155	5835921	4993030	4767089	5818098	6125969	6339233	4270475	
"Mauritius"	3725099	4402332	5158618	5772006	5395450	5607223	4466270	4654466	4904435	5627974	5600488	4241133	
"Burkina Faso"	1861923	2048571	2410486	3227717	4152129	3586753	3081623	3346821	3714831	4307535	4259342	4184346	
"Haiti"					3989138	3642709	3123724	3180338	2175673	4293122	3831949	4169942	
"Syrian Arab Republic"	15442770	17561576	18211592	8642205	6637224	7483636	5565268	4864832	6267023	6828640	6283881	4154427	
"Papua New Guinea"			6105504	8340688	6168489	5568923	4988963	4156697	4445849	4487302	4289754	3858253	
"Cayman Islands"	2670216	4968167	3326226	2095207	2265980	2712273	2685251	4653679	4251239	5018904	4477846	3844855	
"Mali"		4703503	3351539	3462655				3845405	4336565	4605478	5049220	3739506	
"Kyrgyzstan"	2973867	3222635	4260687	5373176	5983024	5734704	3937726	3919082	4481291	4907400	4903813	3684109	
"Cuba"								10269929	10171983	11484223	5756952	3682962	
"Madagascar"	3159331	2546195	2730469	2658987	2699415	3354796	2734397	2867580	3657145	3929416	3896887	3227340	
"Tajikistan"						4235728	3419364	3031463	2774436	3144346	3327744	3139016	
"Turkmenistan"	5679827	4691668	6651092	9396080	9114475	9558981	6719321	5603487	4406810	2798892	3078798	3047360	
"Niger"	1627150	2272515	1917173	1687486	1714076	2151092	2465561	1901738	1840612	2565221	2772522	3026110	
"Somalia"	678962	696620	961678	2169858	2369301	2236979	2517171	2884840	3410561	3689083	3893775	2926660	
"Mauritania"	1337081	1707737	2452706	2970620	3978492	3641758	3701106	2257841	3529852	3182601	3519825	2859115	
"Malawi"	2021672	2173038	2445134	2674844	2783972	2801281	2348475	2231866	2562126	2707070	2941148	2730273	
"Benin"	1548968	2133551	2070012	2316427	2940679	3703725	2541422	2489213	3200924	3320477	2928973	2594916	
"Guyana"	1175349	1451562	1768555	1997074	1866255	1783311	2186609	1474613	1758387	3983138	5980170	2493679	
"Montenegro"	2313139	2181940	2544044	2336353	2348873	2366751	2050170	2282529	2303503	2553580	2600771	2394120	
"Free Zones"	3973757	4274934	4829745	12558887	8120483	6763623	8143920	9143353	3972280	4130935	2115455	2210005	
"Gabon"	2511952	2823876	3729849	3645434	4841530	4430556	3795281	2665371	2278973	2623483	2321628	2208594	
"Bahamas"	2698526	2861948	3410316	3646505	3365294	3790366	3162041	2931652	3477610	3524074	3320468	2205287	
"Togo"	1336640	1350349	1858403	1868896	2476108	2033270	1879048	1866312	1628460	1917020	1964438	2172015	
"New Caledonia"	2507243	3303178	3696876	3245039	3236953	3315244	2710411	2066271	2183099	2469694	2551690	2147560	
"Congo"	4463926	4372443	7498207	7348554	8371623	10108659	10570001	11281539	4636453	3515399	2302133	1912607	
"Fiji"	1437019	1808459	2181872	2252598	2825730	3250464	2083267	2311856	2418739	2735378	2785913	1733489	
"Eswatini"	1465388	2060553	1966169	1786322	1752505	1679134	1464590	1300168	1608887	1869213	1841927	1605274	
"United States Minor Outlying Islands"	1048618	1104981	1467603	1558817	1237397	1545592	956462	945681	1134729	1336013	1281888	1550224	
"Andorra"	1610111	1540506	1617691	1417734	1487194	1556049	1293753	1354096	1478293	1609394	1478950	1540541	
"Suriname"	1390098	1397500	1637826	1732785	2308498	1826728	1904483	1174910	1209474	1526898	1711450	1533107	
"Barbados"	1340713	1196232	1775403	1767767	1768742	1740471	1618092	1595193	1600169	1600119	1581059	1501237	
"Rwanda"	1112015	1249430	1528877	1517639	1982695	2193978	2572276	2607072	2947849	2971519	3195163	1483882	
"Lesotho"	1356077	1276595	1459720	1594249	1845691	1426632	1425139	1478093	2068308	1128750	1369285	1480789	
"French Polynesia"	1717056	1725757	1627727	1706270	1814847	1761698	1526806	1290310	1421585	1613848	1959833	1348577	
"Maldives"	966136	1095116	1411701	1554502	1733284	1992749	1913838	2127779	2359368	2960470	2887083	1220398	
"Equatorial Guinea"	5304978	5110213	3435968	2346980	3166350	2709575	1740803	1270241	861860	1063322	1028414	1168590	
"Faroe Islands"	783440	801216	857048	1036523	989222	1021622	901924	915406	989128	1114778	1179048	1163184	
"Sierra Leone"						2056846	1848939	1057017	1088995	988787	1184904	1143263	
"Saint Lucia"				656006	893813	655859	592947	669367	663695	672950	623793	1112892	
"British Virgin Islands"	3076696	4071663	4234992	3296728	2634457	2608724	2304324	1562464	1139398	1676200	1822591	1093324	
"Seychelles"		1180307	1720933	1279816	924711	1075327	975248	1543435	1355526	1894602	1474528	1065045	
"Curaçao"									1276160	1379347	1201848	1003430	
"Aruba"	1149200	1071034	1284949	1259804	1303317	1284149	1169025	1117124	1194660	1245166	1320446	939286	
"Palestine, State of"	3600785	3958512	4737647	4697356	5163897	5683199	5225467	5363768	5853850	6539590	6613454	923502	
"Burundi"	344796	404047	1127650	1003121	727493	672579	957559	638938	785932	794111	887345	909131	
"Bermuda"				866905	994572	961075	928970	971437	1078214	1072065	1119092	903951	
"Chad"	905853	1340141	791196	843560	1298005	1416709	940405	664819	611413	909966	1006326	830273	
"South Sudan"				342519	635884	783694	465665	551808	301226	467798	610004	825133	
"Bhutan"	529408	853804	1051747	991703	267949	274111	501372	461855	555439	814609	825067	820494	
"Greenland"	777222	846979	1002505	860550	955377	863726	666811	733564	760312	829150	1015021	798670	
"Belize"	665095	699951	835542	843066	906091	962112	1029539	952782	907654	957740	985894	787099	
"Cabo Verde"	671027	730766	946557	754757	726226	767547	603430	549915	793599	814605	789807	735266	
"Timor-Leste"					513739				588047	477168	547133	625460	
"Korea, Democratic People's Republic of"	2952058	3622468	3851968	4298452	4373796	4025859	3524111	3239556	3556046	2327559	2726509	560066	
"Gambia"	303941	285028	340351	380339	348344	384408	415698	386296	557918	601948	494032	553143	
"Central African Republic"	211714	209734	215218	217755	129519	309520	461305	400118	417274	384386	567832	544916	
"Antigua and Barbuda"	699056	501231	471410	532258	507892	551751	391291	419405	530836	569154	568334	422167	
"Grenada"		317071		331595		322117	350944	383701	405427	514806	479835	394552	
"Solomon Islands"	213476	434786	446450	493395	580066	499619	465830	453854	571770	601389	421615	358027	
"Guinea-Bissau"					100664	135632	152753	120972	176914	165737	335683	321716	
"Saint Vincent and the Grenadines"	333490	379498	383477	403242	369910	361552	376433	375679	330071	353642	335082	321259	
"Turks and Caicos Islands"			260185	268531	273069	332755	330237	342323	426317	499594	425717	314512	
"Samoa"	230539	309848	345906	345515	366588	388024	331045	349872	355822	365733	391086	311893	
"Eritrea"	315313	438486	496184	569447	551934	446603	412342	362243	406990	411073	388456	284409	
"Saint Kitts and Nevis"	295754	269822	246655	224280	248788	267962	297069	333779	308947	353070	335410	272528	
"Comoros"	180103	180495	210606	206902	210476	192566	181296	199064	209226	231619	203688	268161	
"Vanuatu"	277511	276007	280647	649293	969544	701647	369648	369088	346666	328415	286016	251096	
"Bonaire, Sint Eustatius and Saba"			460	33206	196759	167785	99158	375151	267299	247795	385833	227006	
"Dominica"	222156	224597	221871	211868	206810	262077	226933	202115	353198	387437	503996	200767	
"Tonga"	144621	158777	192929	199169	198027	218186	177714	202108	172859	198669	212354	176229	
"Kiribati"	67005	73093	91747	108558	97106	116475	103467	109644	128047	104900	104950	143657	
"Micronesia, Federated States of"	171005	167893	188081	193645	187692	146004	171378	179995	209289	135080	129962	142122	
"Sao Tome and Principe"	103283	112152	133712	141254	152094	169716	141847	139352	149694	155308	147896	138291	
"Nauru"	104682	26624	39780	48883	158713	142856	90892	56370	47840	127136	96779	117587	
"Falkland Islands (Malvinas)"	73835	128191	204617	138237	136228	198706	251738	87795	119036	132597	99091	113313	
"Northern Mariana Islands"	72336	89688	90785	86661	95917	124221	158705	132645	152170	171509	170556	112089	
"Tuvalu"	106005	75066	74733	243094	106839	121821	76775	58429	86089	87005	90616	109292	
"Palau"				141897		164989	150316	153508	157813	154413	110948	96733	
"Sint Maarten (Dutch part)"			434437	739256	1082795	946840	143793	113924	118078	160157	138306	90711	
"Cook Islands"	103103	95703	147760	138566	169128	176563	149025	150363	141962	142233	198303	89052	
"Sudan (before 2012)"	8589877	11874756	9546265									77703	
"St. Pierre and Miquelon"	67482	60145	60675	57016	76115	75865	60562	61970	58288	47903	49130	74467	
"Anguilla"	120897	64363	56217	75561	145019	95957	73219	63155	95104	140598	95932	63301	
"French Southern and Antarctic Territories"	156318	256688	95705	65034	68360	75448	65025	61489	55411	35637	66819	55155	
"Saint Helena"	53658	58672	50672	81799	87367	72263	69257	47473	45805	38213	34895	53157	
"American Samoa"					4		61359	66815	59099	65198	76155	52316	
"Norfolk Island"	24433	35325	26612	22660	31168	25057	25199	41229	49092	23916	27282	49120	
"British Indian Ocean Territory"	10561	13269	59303	122038	96093	25107	26815	45404	79823	50753	73417	44230	
"Wallis and Futuna Islands"	29132	47329	52688	50666	54247	55856	41719	33132	37262	39292	45677	39974	
"Christmas Island"	33769	56667	63781	59436	57323	48371	27890	33902	31688	31490	28316	24448	
"Montserrat"	29605			36942	42075	41909	21029	37919	18833	29271	21045	17857	
"Tokelau"	96753	40406	33605	58518	230890	7850	5849	6229	48817	29182	12379	15039	
"Niue"	345746	103081	1528547	14118	16292	19302	11651	12937	14192	21002	21451	10853	
"Guam"	1147	2492	3653	2163	557	15177	17862	17842	21316	22015	22801	9684	
"Western Sahara"	17713	924	1460	3639	1066	5441	3446	2210	79548	10873	21755	8960	
"Cocos (Keeling) Islands"	34517	12878	17021	18932	29896	13857	7310	10572	9814	7399	8135	6905	
"Pitcairn"	3100	2373	3699	6109	3537	2235	1364	3242	4388	3554	6127	2692	
"Neutral Zone"	20						166	14		125	69	1281	
"Bouvet Island"	11		2	66	2	18				11	115	41	
"British Antarctic Territory"							6	88				3	
"Caribbean Nes"							40578		230		1		
"Mayotte"	501925	346952	380733	369589	481456								
"Netherlands Antilles"	4835159	2994309											
"North Africa not elsewhere specified"		1											
"West Asia not elsewhere specified"		8							3147243	2774521			
"Serbia and Montenegro"	1	17	13										
