Exporters	Imported value in 2009	Imported value in 2010	Imported value in 2011	Imported value in 2012	Imported value in 2013	Imported value in 2014	Imported value in 2015	Imported value in 2016	Imported value in 2017	Imported value in 2018	Imported value in 2019	Imported value in 2020	
"World"	140928421	185544332	240841676	236545141	260822803	251142429	207235628	198601934	233799651	223046879	210346890	219514373	
"China"	12676573	17180806	21693336	21295242	25260751	25732865	24873457	25440454	23370620	20719061	19127972	23040812	
"Germany"	14096963	17549112	22985567	21400614	25598452	23482150	21351883	21473789	21301869	20407294	19279082	21732800	
"Russian Federation"	19450086	21600641	23952914	26625286	26046541	25411700	20401756	15160961	19514094	21989574	23116867	17829236	
"Area Nes"	4820143	6703002	8788338	12589128	8267	2976	9781883	6738141	8239672	11038416	15148738	13685863	
"United States of America"	8575892	12322789	16042073	14130625	13350844	13465362	11141465	10867491	11951744	12377681	11847481	11525182	
"Italy"	7594949	10140671	13452359	13345874	13533284	12948320	10641582	10220724	11306054	10155669	9350999	9201429	
"Iraq"	120558	153476	86753	149328	161000	283128	296505	836298	1527573	1420433	2678193	8201655	
"Switzerland"	2001886	3155726	5021487	4307344	9800066	4997706	2449606	2506215	6903610	2818664	3377053	7771743	
"France"	7091795	8176600	9229558	8589896	8650205	8584304	7597687	7364555	8070897	7413025	6760052	6988092	
"Korea, Republic of"	3118214	4764057	6298483	5660093	6357876	7731590	7057423	6384206	6608874	6343174	5776952	5734339	
"United Arab Emirates"	667857	698421	1649456	3596545	5437605	3485288	2008690	3701152	5546921	3780736	4388996	5603801	
"United Kingdom"	3473433	4680611	5840380	5629455	6582729	6195865	5541277	5320624	6548620	7446107	5638293	5582391	
"Spain"	3776924	4840127	6196466	6023718	6624006	6293257	5588528	5678913	6372911	5492454	4446670	5039416	
"India"	1902607	3409938	6498651	5843638	6739652	7196350	5613570	5757156	6216639	7534783	6635225	4830121	
"Japan"	2781971	3297796	4263730	3601427	3753678	3481908	3140057	3943602	4281472	4124170	3647888	3742695	
"Belgium"	2371516	3213606	3959279	3690309	3983785	4017369	3146940	3200738	3728941	3571445	3229469	3716088	
"Netherlands"	2543073	3156000	4004955	3660634	3512108	3618175	2914731	3000195	3747619	3304581	3202977	3628593	
"Brazil"	1105890	1347525	2074354	1770094	1485005	1839058	1792241	1787944	2544928	3257706	2655109	3228353	
"Poland"	1817093	2620956	3496189	3058078	3387726	3252300	2977656	3244197	3445906	3101677	2603243	3005108	
"Romania"	2257963	3449195	3801297	3236425	3716898	3540608	2599758	2195672	2480196	2447471	2770909	2769255	
"Czech Republic"	1028650	1327672	1755452	2005342	2756896	2514898	2218335	2561650	2828107	2650330	2338360	2746268	
"Ukraine"	3156659	3832744	4812060	4394200	4607646	4295993	3448171	2547401	2817133	2645555	2725463	2590375	
"Bulgaria"	1116902	1702534	2474621	2753650	2810687	2924659	2254150	2139942	2773127	2501393	2384901	2124160	
"Malaysia"	960938	1124036	1567503	1278247	1352519	1286532	1339168	1996907	3138558	2132979	1847831	1990602	
"Sweden"	1890994	1922793	2284367	2135410	2096012	2071304	1585004	1478332	1776955	1730645	1578251	1763749	
"Egypt"	641552	926476	1382216	1342051	1718720	1535280	1215905	1443408	1997503	2190937	1903805	1722944	
"Saudi Arabia"	775784	1380601	2001529	2171043	1984240	2429327	2117220	1835230	2110161	2318411	2005217	1719668	
"Libya, State of"	357417	425652	139763	416152	306670	259010	195796	161021	247965	367010	483502	1674297	
"Israel"	1074727	1359639	2057314	1710401	2704627	3062733	1672501	1385595	1505113	1714355	1600986	1496260	
"Hungary"	987290	1382213	1494488	1184452	1280783	1236516	1305755	1301049	1513474	1394691	1308084	1470670	
"Austria"	1203634	1439448	1736366	1634272	1845346	1895579	1568026	1521240	1472591	1494570	1360987	1465021	
"Taipei, Chinese"	1342410	1843033	2025398	2058797	1954835	2091600	1944558	1597302	1986582	1635408	1283468	1443471	
"Viet Nam"	456660	751327	1009484	1213957	1688337	2078118	1756262	1735872	3048050	1844612	1574587	1368555	
"Greece"	1131065	1541600	2568826	3539869	4072881	4371046	1860935	1184782	1833068	2104900	1475001	1320976	
"Thailand"	957189	1280624	1592303	1311960	1494879	1422249	1209785	1482292	1983171	1372407	1140705	1210574	
"Iran, Islamic Republic of"	3405986	7645008	12461532	11964779	10545622	10076091	6096254	4699777	7492104	6931258	3608219	1192718	
"Indonesia"	1017888	1476659	1931717	1795778	2142499	2091867	1638245	1424722	1506817	1333898	1352296	1184801	
"Kazakhstan"	959455	1392528	1995115	2056086	1758429	1222772	1109832	1093897	1463158	1470257	1403956	1180549	
"Canada"	937365	915317	1311540	953717	1446937	1208970	929038	1062948	2166996	1980527	1631777	1078396	
"Colombia"	382984	296766	678255	814146	707442	812679	800824	945439	1610652	1888539	1438051	1013176	
"Finland"	795959	1115496	1296728	1114790	1310326	1188441	1011793	942114	938900	984048	911244	1009074	
"Slovakia"	814138	926722	893168	871459	1116243	942509	858634	951212	895136	767136	771584	978370	
"Uzbekistan"	413079	861373	939882	813287	853058	846432	711555	709292	823275	795545	1140193	969984	
"Portugal"	417988	503658	606557	644369	714201	815779	640306	658281	684344	654352	903201	960101	
"Ireland"	815650	873961	839241	845458	844194	921367	840352	824413	970307	889838	826110	916994	
"South Africa"	1103313	889635	1954586	1289821	1463591	1156682	918541	1058114	1744438	1381537	754214	887896	
"Denmark"	585094	678757	732781	720889	860366	1074490	806493	910557	808426	812854	963144	843891	
"Mexico"	335226	494608	699394	867154	1040446	1059804	860675	820919	771854	634225	742975	833480	
"Norway"	771741	828588	796292	916821	1042361	868905	657520	627523	840346	764975	775898	682064	
"Morocco"	234729	396798	419945	429482	579508	638135	710636	918164	924062	715715	713306	642097	
"Bangladesh"	523576	844661	895967	766376	880545	891469	995970	881039	737094	484484	508630	569883	
"Algeria"	768995	1068380	1150325	924934	711359	924505	740547	463775	766803	1138064	719267	567384	
"Argentina"	225821	281128	490574	367894	523496	476877	234495	382191	450272	357905	514803	557478	
"Lithuania"	81458	119165	148101	218347	354024	290260	244564	281307	492910	410412	304062	459100	
"Serbia"	66075	123130	223407	214631	268980	343218	246162	296744	422882	335683	446288	445909	
"Azerbaijan"	140599	252525	262263	339936	612678	482576	232376	278131	350870	378734	411022	410710	
"Australia"	619534	444884	747042	804439	1224853	555550	544815	607447	2200655	1082502	1034272	406721	
"Slovenia"	249577	291314	348936	311875	326366	322355	343784	296053	381447	316899	372143	390164	
"Georgia"	285486	290725	314352	180351	241236	275018	223107	211680	215276	233872	272350	348884	
"Oman"	16584	39464	56558	52849	165343	112306	60169	49087	95049	67441	226561	329577	
"Côte d'Ivoire"	90843	97215	138920	121289	138452	278219	274350	251303	300760	203259	183592	322638	
"Turkmenistan"	327559	386342	392712	303507	789020	764097	557356	422492	403553	260995	344774	319387	
"Qatar"	85652	177046	481018	466499	388242	407736	360978	271083	264126	335320	310668	301505	
"Singapore"	202473	210769	354254	222535	369901	354964	365286	363236	400178	352145	286385	299749	
"Chile"	200387	311709	474341	466042	421587	384090	282572	232972	265000	370584	250964	294600	
"Ghana"	102095	194358	292273	303476	176443	152234	168907	180478	128019	79300	102274	294085	
"Peru"	69225	78575	58487	101186	90233	72741	62439	59880	75645	108299	72832	288600	
"Pakistan"	619219	749931	873131	555012	435241	438795	310545	263352	323117	330748	306310	268751	
"Hong Kong, China"	100112	118246	99809	111857	114937	116257	81298	126488	98590	131366	263505	254349	
"Syrian Arab Republic"	221454	452493	336646	67448	106239	143826	51506	65389	70561	69389	117716	245610	
"Croatia"	107384	211348	310965	209766	218264	144083	135385	133517	216867	188722	224027	241349	
"Uruguay"	30099	171664	230884	97979	110017	49393	158178	234379	388659	497241	303071	225294	
"Bosnia and Herzegovina"	52059	72328	90252	111649	141369	185700	250089	288291	268974	241221	193645	203069	
"Moldova, Republic of"	86520	110732	244482	135053	262929	262382	216926	147737	180559	160455	264286	181389	
"Bahrain"	24289	71682	111454	158922	172395	289965	104471	127780	186751	186842	191813	177923	
"Belarus"	83732	154633	183201	190210	193939	148061	192831	102567	182969	193292	165074	176005	
"Bolivia, Plurinational State of"	910	1613	3268	5798	2075	3808	943	18252	73772	92141	112155	167162	
"Estonia"	102011	146192	368107	311253	267029	312533	278134	237536	300080	220199	195646	166325	
"Guinea"	922	2655	1954	4803	12343	5407	3820	6367	18109	66393	4865	162017	
"Ecuador"	77406	79051	102867	105652	170459	195426	81614	97574	99724	72227	170512	155857	
"Latvia"	50465	71360	129787	160296	170589	171670	122832	202022	141081	165120	166667	155479	
"Tunisia"	234980	280720	249790	195624	314532	227279	144077	214382	206466	182080	190113	150605	
"Tajikistan"	107267	283689	324283	345178	441750	239653	203760	162255	197767	201406	198072	149040	
"Luxembourg"	79460	114342	162527	145858	142033	157944	224346	134490	124388	152433	114563	139746	
"Macedonia, North"	39879	52399	91963	103224	84908	83282	80929	82581	101147	107928	107585	130733	
"Philippines"	98699	107400	122311	157737	192992	132091	115774	122375	145868	122444	137610	129981	
"Nigeria"	146863	220546	365549	113175	164743	160134	189985	157814	156286	143432	156021	128978	
"Malta"	135163	196156	324158	216491	77935	43490	26172	39078	52203	35948	72492	107129	
"Sudan"	0	0	0	11171	32999	19618	24607	49636	86321	73323	82266	105466	
"Liberia"	1133	7596	3003	24170	12041	14319	1897	8987	8660	13738	12573	100209	
"Jordan"	20354	42450	66480	95996	89246	159175	127919	102259	112644	97848	48963	94201	
"Kyrgyzstan"	31446	30900	52123	45226	106805	119998	76858	101067	143794	47342	77244	91159	
"Sri Lanka"	98136	155567	128686	84432	93077	100149	87862	105099	113804	100682	101458	89890	
"Cyprus"	42837	58468	81709	75631	92682	109172	69463	64653	66756	67834	62465	80082	
"Mozambique"	66179	43346	71001	156385	68473	75084	72378	90820	136779	105637	72741	71046	
"Chad"	29	113	30	9662	12354	17270	21619	23657	27342	26271	35333	70732	
"Costa Rica"	60452	60506	79367	76288	200867	163461	49719	43753	43527	39034	56501	65993	
"Cambodia"	20010	27981	45843	53768	71327	107713	94745	77217	77175	75916	73336	63784	
"Venezuela, Bolivarian Republic of"	120742	149846	153280	197720	195229	123414	106970	65252	116538	1019197	19799	61778	
"Rwanda"	1	0	1	0	438	3	118	111	123	131	184	54052	
"Kuwait"	184219	214515	270446	278464	353461	255097	141425	110703	169403	144372	146805	53385	
"Lebanon"	108800	228536	282744	176393	206954	150216	67228	81805	131205	169556	64239	51549	
"Tanzania, United Republic of"	11078	14332	21788	26022	51776	40833	34564	23094	48737	41052	29751	49681	
"Myanmar"	17583	23840	15377	4214	8213	10409	8058	11103	25605	37206	52233	48430	
"Cameroon"	21162	39911	47727	30172	43101	38756	35313	45284	53864	46981	52143	43775	
"Ethiopia"	35115	40934	41799	46956	72701	79192	35718	35310	31527	34441	51484	40527	
"Panama"	12028	20670	38908	38519	51075	23936	18958	12177	28812	41575	12273	40217	
"Marshall Islands"	2982	0	67	5923	1354	437	17042	8797	26720	6754	17227	37920	
"Palestine, State of"	274	576	271	464	1425	2631	2343	3364	4975	6660	9034	35993	
"New Zealand"	28279	48030	57704	54586	89802	118034	62702	46558	34876	25836	49542	35599	
"Albania"	4694	86859	125916	98989	83819	100340	49578	20602	24166	22163	22276	33589	
"Afghanistan"	4649	5098	4795	6461	20961	35789	11889	9398	8831	11656	24053	27299	
"Mauritania"	662	1441	15062	4189	3656	16020	12871	15129	45111	30825	83224	27039	
"Iceland"	6941	18094	27936	14099	20326	25214	30733	27991	32230	27221	26537	25964	
"Kenya"	5813	13378	14749	17877	14547	17001	13241	13164	17114	18797	17310	24066	
"Trinidad and Tobago"	16867	1558	13088	14781	3616	12612	24226	16318	25035	10641	52584	22895	
"Gabon"	11584	4966	3474	5752	18481	3002	3092	1701	3447	8202	8324	20376	
"Malawi"	30050	20222	11904	17238	25451	39021	29228	16185	17015	16400	18005	19807	
"Senegal"	1489	1449	2509	2163	5581	4631	5517	6138	4946	12585	10209	19029	
"Montenegro"	5845	6214	14588	17936	11638	7127	8001	23364	24081	14217	12912	18020	
"Guatemala"	2471	11908	9066	7132	22659	15763	16137	11008	10597	8930	13663	17807	
"Dominican Republic"	7836	9958	13405	10037	20141	18696	16087	12476	15431	14938	16781	17016	
"Madagascar"	2552	1915	2413	2145	7742	13985	5833	4876	5109	4165	9784	14627	
"Nepal"	3436	9616	10696	11513	12658	17405	15760	31298	54922	41131	26808	14389	
"Zimbabwe"	3156	6549	5768	7930	15268	8302	4844	11925	10742	10330	12924	13637	
"Cuba"	1653	1698	2833	6219	22180	16475	16987	13729	13536	11593	20232	13017	
"Togo"	544	6964	47030	45713	46312	45580	8668	5790	12055	17471	10550	10881	
"Uganda"	11198	11494	7746	3606	8507	12632	7069	10924	8569	10145	7487	9100	
"Seychelles"	733	254	474	2811	1064	5583	8959	5301	13942	9351	7783	9046	
"Palau"	0	0	0	0	0	2728	2308	361	1315	1444	681	9033	
"Congo"	7851	11228	25966	12173	8209	82405	5089	7746	8444	3945	1471	8704	
"Yemen"	310	1044	464	368	261	10751	10951	21	675	1239	5506	7666	
"Burkina Faso"	4856	44872	146997	222725	37600	22950	46526	44745	63614	8658	20618	7510	
"Bahamas"	4362	1534	1155	8447	137130	5240	16540	28	29	2458	366	7414	
"Honduras"	559	1989	6983	2081	5683	2318	2668	3922	4417	3438	4910	5842	
"Benin"	0	3217	942	1864	1697	1552	2912	2849	22409	26712	15924	5465	
"Somalia"	164	1361	2465	1163	1116	1718	1343	2156	1030	5842	6980	4938	
"Comoros"	8103	2873	13397	10534	5850	1078	776	46	3311	7443	7777	4646	
"Angola"	9	276	341	1812	8006	4964	156	5947	1364	2043	2324	4228	
"Paraguay"	72026	221921	229434	150331	292077	372639	140379	260387	300543	107409	35689	4187	
"Zambia"	2596	8316	113457	6017	1476	13783	3098	5188	5213	3073	5571	4135	
"Lao People's Democratic Republic"	544	1314	1153	1786	3046	2679	1438	1536	4545	6813	6719	3832	
"Mali"	898	1397	2841	2095	454	9483	2259	9128	29941	20319	8665	3807	
"Armenia"	1052	2626	133	222	437	1358	988	1386	2145	1957	2665	3352	
"Mauritius"	6799	6574	7015	6167	7873	7578	6672	5000	3782	2775	3328	2702	
"Mongolia"	3	896	3010	8	436	140	547	5153	1821	4264	594	2107	
"Saint Kitts and Nevis"	3072	2688	1170	2007	3688	4016	18	6947	7137	2961	4	1981	
"El Salvador"	355	384	615	455	482	1292	1275	5017	3868	3977	2432	1904	
"Sierra Leone"	2368	10610	23063	47870	23726	26172	1810	4094	938	2789	2946	1788	
"Central African Republic"	3558	5145	5017	4380	2981	2587	3022	2752	919	3016	1977	1774	
"Gambia"	11	10	46	1016	34	115	25	4	3	0	1338	1460	
"Guyana"	601	2413	4320	2575	4404	3625	83	19	4089	3202	1169	1401	
"Saint Vincent and the Grenadines"	3050	5032	8722	10726	9603	8711	0	191	893	1137	6534	1194	
"Faroe Islands"	1	44	24	2	118	17	70	128	134	267	199	1192	
"Guinea-Bissau"	0	0	0	604	130	572	1543	1588	897	108	652	1180	
"Congo, Democratic Republic of the"	6178	3170	18933	40888	56722	204092	130523	34460	9389	8287	461	939	
"Nicaragua"	68	146	348	210	229	309	308	254	292	440	820	932	
"Bhutan"	0	3	3	2	2	1638	1526	195	2455	2213	1487	921	
"Haiti"	116	56	58	257	518	163	149	252	303	261	701	709	
"Gibraltar"	9864	7	191	28	7710	55	7146	6783	22	31	1	625	
"United States Minor Outlying Islands"	400	186	78	259	490	723	1324	134	595	81	305	455	
"Papua New Guinea"	8	8	27	36	18	5	50	87	68	62	295	365	
"Niger"	59	9	14	79	182	40	55	110	869	2200	151	166	
"Jamaica"	17	6	218	150	739	539	221	73	149	414	1080	160	
"Namibia"	141	244	3384	6833	4201	3629	1751	804	766	1975	2444	129	
"Burundi"	2	2	28	0	0	3	41	42	102	113	485	107	
"Tuvalu"	0	0	0	3813	0	1	0	0	0	0	0	99	
"Korea, Democratic People's Republic of"	2221	4559	3615	3498	3663	3072	14718	6304	1808	1096	120	93	
"Niue"	28	56	49	135	257	155	283	118	86	129	93	81	
"Suriname"	75	117	251	163	91	187	302	430	255	253	219	81	
"Antigua and Barbuda"	0	0	642	5290	3723	87	1752	816	581	1	6346	73	
"Timor-Leste"	0	0	0	0	0	0	0	0	0	3	1	68	
"Dominica"	495	12	1087	504	1831	111	96	0	157	16	3	63	
"Djibouti"	1062	387	232	89	411	136	113	149	406	244	43	54	
"Fiji"	7	0	1	1	23	149	107	40	108	35	73	45	
"Nauru"	7	17	57	100	84	31	20	69	34	8	18	42	
"Montserrat"	6	0	0	0	1	8	6	0	0	0	0	40	
"Macao, China"	4831	434	538	395	3074	3059	2170	62	90	29	18	34	
"Sao Tome and Principe"	1	6	4	4	379	2509	0	27	0	10	0	26	
"Equatorial Guinea"	30	57	397	509	72	332	105	653	25	227	3699	25	
"Maldives"	0	11	1	2	77	1	2	508	109	13	18	24	
"Barbados"	363	1338	3	59	94	1191	6	3	1066	1702	84	19	
"Cayman Islands"	0	1595	4	4314	880	6	2	63	553	121	88	18	
"Tokelau"	1	12	0	3	10	6	7	18	4	12	43	14	
"Wallis and Futuna Islands"	0	0	0	0	0	0	0	0	0	0	0	14	
"Brunei Darussalam"	1	0	35	2	0	59	16	3	36	3	1	14	
"French Polynesia"	0	0	13	12	7	0	23	0	51	74	53	14	
"Lesotho"	176	142	115	38	10	79	34	40	43	6	29	13	
"Andorra"	8	1	2	48	77	136	166	75	82	54	41	12	
"Greenland"	47	4	8	5	126	3	4	15	2	1	37	12	
"Cabo Verde"	0	2	227	1	0	1091	3075	2635	1053	472	538	9	
"Eswatini"	2	9	31	5	18	15	45	31	312	51	153	9	
"Turks and Caicos Islands"	0	0	1	0	1	0	1	0	8	2	1	9	
"Botswana"	186	0	1	0	0	6	245	10	4	4	39	5	
"Eritrea"	588	10	9	1	126	27	20	2375	0	20	0	4	
"Bermuda"	1	151	0	85	13857	44	3980	7	24	7	26	3	
"Belize"	886	2333	2340	4549	6699	7862	3014	1503	1041	1068	3651	2	
"Grenada"	4	0	2	0	0	1	5	1	2	0	2	2	
"Curaçao"	0	0	392	4607	1977	66	4748	11230	8417	0	0	2	
"Cocos (Keeling) Islands"	0	0	0	6	0	0	0	0	0	0	0	1	
"Saint Helena"	3	0	20	55	0	0	6	2	0	0	10	1	
"Kiribati"	0	0	0	1976	1	0	4	1	0	0	0	1	
"New Caledonia"	7	0	5	25	80	10	4	16	116	0	2	1	
"British Indian Ocean Territory"	0	3	20	2	2	1	2	44	4	0	94	0	
"British Virgin Islands"	8706	216	1240	1	2357	2255	1813	6267	21713	7323	11	0	
"Christmas Island"	1	51	59	51	1	66	2	25	40	0	7	0	
"Falkland Islands (Malvinas)"	85	4	318	96	2	20	91	9	42	53	20	0	
"French Southern and Antarctic Territories"	0	0	29	0	1	16	0	0	0	42	554	0	
"Oceania Nes"	0	2	0	0	0	0	0	0	0	0	0	0	
"Vanuatu"	265	0	256	3963	2664	4	17935	9732	5437	21432	310	0	
"Norfolk Island"	0	0	0	0	0	0	0	8	8	0	0	0	
"Africa not elsewhere specified"	13	0	0	9	87	7	0	0	0	0	0	0	
"Northern Mariana Islands"	243	49	2	2	89	81	1	17	1	6	0	0	
"Pitcairn"	1	0	1	7	1	14	2	1	8	0	0	0	
"Anguilla"	0	0	0	59	0	10	0	4	3	0	0	0	
"St. Pierre and Miquelon"	0	3	1	1	5	161	2	1	1	0	3	0	
"Free Zones"	965287	878447	1038057	1045827	130	0	1227213	1434903	1564460	1322322	0	0	
"Special categories"	0	0	0	0	13354784	13609217	0	0	0	0	0	0	
"Solomon Islands"	0	0	1	2180	2237	1412	418	15	4	0	2	0	
"Mayotte"	780	1510	566	0	2608	0	0	0	0	0	0	0	
"Cook Islands"	0	0	2068	1803	2563	3524	768	453	711	2	0	0	
"Netherlands Antilles"	448	325	0	0	0	0	0	0	0	0	0	0	
"Aruba"	16542	1	14443	5108	5	7	0	7	0	1	0	0	
"Micronesia, Federated States of"	0	0	1	0	1	0	0	0	0	0	0	0	
"Saint Lucia"	7	7	17	7	29	0	32	140	185	27	6	0	
"Sudan (before 2012)"	7262	5215	9370	0	0	0	0	0	0	0	0	0	
"Tonga"	2	0	350	0	0	0	0	0	0	0	0	0	
"Samoa"	44	0	6	67	2	0	0	0	0	540	4	0	
