Importers	Exported value in 2009	Exported value in 2010	Exported value in 2011	Exported value in 2012	Exported value in 2013	Exported value in 2014	Exported value in 2015	Exported value in 2016	Exported value in 2017	Exported value in 2018	Exported value in 2019	Exported value in 2020	
"World"	102142613	113883219	134906869	152461737	161480915	166504862	143844066	142606247	156992940	167923862	180870841	169657940	
"Germany"	9793006	11479066	13950825	13124375	14832546	16275367	13417478	14004848	15118910	16137388	16624070	15980400	
"United Kingdom"	5937997	7235861	8151430	8693599	9126733	10216479	10556863	11690650	9603189	11107336	11281350	11236969	
"United States of America"	3250109	3766034	4585849	5606487	6647525	6921399	6395899	6627394	8654268	8304672	8971874	10183213	
"Iraq"	5123406	6036362	8310130	10822144	12949891	13154131	8550298	7640287	9054612	8346276	10224285	9142515	
"Italy"	5889622	6507052	7854463	6373488	7474685	7486545	6887778	7583132	8473629	9560597	9754698	8082942	
"France"	6211415	6054499	6805821	6198536	6654651	6860107	5850226	6027992	6589874	7293603	7952702	7204647	
"Spain"	2818592	3536247	3917600	3717345	4554381	4977490	4742576	4993394	6302135	7708490	8141147	6684540	
"Netherlands"	2127297	2461371	3243080	3244429	3783681	3654059	3154911	3589553	3864486	4760826	5762607	5195418	
"Israel"	1522436	2080148	2391148	2329531	2810289	3063444	2698141	2956451	3407436	3894506	4464351	4704455	
"Russian Federation"	3189607	4628153	5992633	6680777	7213894	6170452	3588657	1733569	2734316	3399827	4153202	4506813	
"Romania"	2201936	2599380	2878760	2495427	2783798	3141513	2815548	2672005	3139188	3867122	4073769	3895656	
"Belgium"	1795682	1960441	2451030	2359575	2835446	3190514	2557805	2548729	3151422	3950970	3396818	3634855	
"Poland"	1322218	1504280	1758252	1853700	2137802	2484489	2329475	2651896	3070758	3346149	3449492	3474883	
"Egypt"	2599030	2250577	2759311	3679195	3336392	3442287	3124968	2733143	2360734	3053571	3510629	3136568	
"China"	1600296	2269175	2466316	2833255	3755649	2970633	2414790	2329371	2936262	2912539	2726571	2866389	
"United Arab Emirates"	2896572	3332885	3706654	8174607	5243566	4939732	4681278	5406224	9184157	3137048	3627165	2828394	
"Bulgaria"	1385544	1497384	1622777	1684989	2136157	2117335	1676112	2384116	2803182	2669703	2668830	2634706	
"Saudi Arabia"	1768216	2217646	2763476	3676612	3262257	3137937	3472634	3174965	2734522	2636039	3293057	2507787	
"Iran, Islamic Republic of"	2024546	3044177	3589635	9921602	4456195	4142394	3664043	4968851	3259270	2392949	2737560	2253363	
"Ukraine"	1004772	1260423	1729760	1829207	2387613	1855867	1121346	1254054	1340709	1466070	2156876	2090410	
"Azerbaijan"	1400446	1550479	2063996	2584671	3174497	3061218	1898543	1285840	1356999	1474368	1788708	2085574	
"Morocco"	598541	623957	920896	1014906	1310501	1447520	1337555	1469782	1657718	1989587	2346785	2057266	
"Greece"	1629637	1455678	1553312	1401401	1544239	1668860	1400519	1428312	1662638	2086696	2245574	1799864	
"Libya, State of"	1795117	1932370	747629	2139440	3131864	2166246	1420062	906392	880729	1498326	2069669	1653078	
"Slovenia"	595004	356502	617476	548314	696772	756711	810415	928159	1158253	1430254	1843367	1641841	
"Syrian Arab Republic"	1421637	1844605	1609861	497960	1229232	2336494	1522285	1323124	1363165	1344837	1730841	1595784	
"Georgia"	762977	769271	1092321	1253309	1409043	1611346	1108763	1177085	1208645	1315135	1578139	1461362	
"Algeria"	1777198	1504590	1470547	1813037	2122093	2231209	1825988	1736663	1712901	2031583	2016564	1449569	
"Serbia"	584547	600112	620499	635653	744805	800108	733165	842658	987853	1168265	1302382	1382314	
"Sweden"	748741	946866	1183041	1185685	1267656	1436777	1188820	1216286	1414292	1480191	1432783	1330561	
"Hungary"	445669	440766	508648	517874	709989	774667	711840	831991	1080257	1155080	1423443	1263431	
"Uzbekistan"	279964	282666	354490	449884	624482	650355	488652	533322	680104	951458	1232288	1154334	
"Austria"	807146	835181	1052932	1000745	1083310	1153500	1024532	1046186	1113743	1160099	1183864	1130393	
"Czech Republic"	489014	694077	888387	786276	848706	976658	768632	804331	907616	1000786	1112872	1127785	
"Korea, Republic of"	234609	304301	528507	527993	499859	513331	568635	518976	584115	929107	943961	1103834	
"Switzerland"	3940363	2065015	1493983	2134517	1124551	3250454	5680809	2680909	891823	1738512	1042346	1095496	
"Denmark"	690864	765081	880920	983886	1026960	1108892	901797	947816	1011464	1069757	1039459	1044373	
"Qatar"	289361	162549	188138	257329	254583	365779	423097	439149	648915	1096417	1293135	1037211	
"Canada"	338193	479505	875221	1058281	973234	987063	670630	729731	1045597	1271686	986029	1005415	
"Kazakhstan"	633417	818900	947822	1068625	1155814	1086995	750109	624500	746244	695265	900182	985685	
"Lebanon"	688681	618318	718257	845970	1916417	864605	722646	734880	889313	898767	1111511	930695	
"Tunisia"	645767	713632	802302	796738	1029160	953229	819061	910720	912703	904663	886779	928098	
"Portugal"	408920	465228	445740	441102	634947	581702	558357	649735	811176	1108751	1147190	924650	
"India"	409202	606081	756082	791720	615900	618837	650319	652018	758560	1121412	1167120	889670	
"Cyprus"	772131	975768	1023964	1013552	1180485	1240552	1006082	908024	1097257	1225969	1298196	859980	
"Yemen"	379263	330392	272733	485937	612840	652577	395751	536764	571233	727306	969549	834791	
"Hong Kong, China"	229173	247717	425636	337239	440240	452356	345288	400253	628097	797182	743892	817945	
"Turkmenistan"	945655	1139825	1493336	1480052	2050248	2367646	1857852	1245509	1037980	467202	744766	786966	
"Norway"	388950	343911	379523	450621	625039	562088	454015	559266	546713	513095	729179	733415	
"Australia"	304983	336488	410549	421731	614524	544176	521308	633455	538220	687105	661157	726892	
"Ireland"	294769	339265	354004	347199	383576	476319	466754	494938	527039	754126	620013	654718	
"Pakistan"	162514	248147	213672	276127	385266	472485	289155	346956	352166	462207	550214	620162	
"Nigeria"	257481	250602	393837	438767	473174	510156	313984	241609	335424	346298	595924	610888	
"Belarus"	119172	186508	232680	264365	317723	285301	205139	357598	422011	439279	543278	602814	
"Brazil"	388207	614551	883471	1002759	965356	819011	458367	334398	384904	489891	495062	588818	
"Jordan"	455352	571334	506839	770982	770730	947525	834760	711037	682477	860870	667334	585521	
"South Africa"	866774	369235	510523	381772	671335	593238	489167	405990	485070	534230	569570	574115	
"Kuwait"	211242	395051	297207	290582	343104	407282	482553	431386	439863	533895	557563	556181	
"Slovakia"	217408	454744	402151	391760	462835	528450	545752	384345	387191	531635	598896	549954	
"Mexico"	93023	145500	144986	205999	276933	343141	344059	443852	441433	600402	668356	538630	
"Oman"	105518	129311	214651	268460	389730	494773	324571	243824	221411	422235	634475	525283	
"Ghana"	72851	96484	218560	223502	186845	187212	219599	298478	224551	275116	374340	477530	
"Albania"	273110	241066	270630	255950	321519	327919	287375	304611	387116	408708	487345	475393	
"Bosnia and Herzegovina"	226567	224299	268942	251523	278861	325564	292572	309346	348618	420223	453577	446584	
"Japan"	232841	272219	296413	331762	417352	380662	334814	354568	411531	479384	510076	441134	
"Malta"	664109	410433	899715	919083	959443	1036147	494002	238431	539957	479922	955346	432449	
"Kyrgyzstan"	140002	129202	180241	257470	432301	467514	294702	308944	343600	377073	442091	417547	
"Macedonia, North"	283464	262621	298861	274497	302840	355262	324613	378097	360253	396838	408908	415936	
"Croatia"	214705	249148	241816	200575	263623	300201	251652	278440	313830	404614	442109	390616	
"Malaysia"	139110	224843	182587	165474	281502	324467	357083	321585	286255	365406	354238	381913	
"Sudan"	0	0	0	279612	300279	331378	424555	461767	397699	363614	310659	381754	
"Finland"	196465	296774	352886	301593	304348	333895	266063	292397	297218	338895	335043	370390	
"Senegal"	95267	83314	155021	128374	124356	169527	128206	154422	243641	389023	288907	361226	
"Bangladesh"	133819	169522	132200	214168	271685	250916	199887	263955	294544	372795	427191	349062	
"Singapore"	349441	594027	840072	443632	371580	391523	432551	417217	678886	438020	750386	343498	
"Moldova, Republic of"	118090	148209	208885	224464	297650	319916	201607	262384	284649	266170	343381	335118	
"Marshall Islands"	108602	80521	142245	83354	121800	210315	79255	116824	155127	156723	175558	332388	
"Djibouti"	42282	30788	45491	88690	71259	61385	98249	77949	102506	196648	255695	319971	
"Côte d'Ivoire"	59522	47926	65773	76563	89274	94986	115498	109878	142409	174452	227663	307906	
"Lithuania"	151505	208277	274194	275950	416174	367283	300249	258624	301633	275706	258717	305898	
"Chile"	37435	81222	130616	174852	225943	203334	187919	217166	254626	386206	356982	280428	
"Somalia"	3546	4810	39548	43751	61239	63728	71035	115882	142946	181369	256528	272762	
"Viet Nam"	189112	106203	100090	90104	112960	175762	155449	234123	237275	308676	351524	244322	
"Venezuela, Bolivarian Republic of"	36420	44171	84232	156268	76949	52636	18681	18034	37483	120531	131557	236266	
"Taipei, Chinese"	129931	137051	163740	119462	119801	142781	157067	138819	204462	269068	256925	235903	
"Peru"	61947	159272	286800	246410	277935	290112	197098	86274	108524	162359	180920	231530	
"Ethiopia"	229030	174843	275492	394619	371207	336140	383596	404420	338514	320870	380905	231386	
"Kenya"	70094	86360	199203	138001	150329	135697	131265	127906	152256	207789	230509	228005	
"Colombia"	36044	52863	111367	152131	137533	184418	185914	185156	184675	241542	255911	216524	
"Indonesia"	248791	250772	307971	243621	260161	236761	207001	253901	236667	270443	289373	213807	
"Afghanistan"	235203	259791	275969	289915	248879	200096	161492	145788	172300	145410	156475	207835	
"Bahrain"	113628	172024	160418	208520	201453	213518	225296	193283	227469	298682	266497	201643	
"Tanzania, United Republic of"	55281	89319	170772	130560	144662	153763	116380	95547	115828	225347	226103	200347	
"Thailand"	131632	220005	125189	176360	236665	221921	174099	164144	165702	278461	270592	184010	
"Angola"	151698	109119	220581	234516	286056	306773	195884	128864	186473	229993	214875	183069	
"Liberia"	177140	67460	61254	104369	143343	132089	79860	64670	118616	137485	222331	177796	
"Tajikistan"	126364	143890	172575	234947	309023	303379	162783	151671	155863	177098	156608	173711	
"Panama"	94975	140632	217072	225062	234931	231902	166125	96046	197813	238076	255842	171515	
"Haiti"	11771	20612	22795	20690	29360	37572	22582	21751	86278	101988	132150	164398	
"Cameroon"	50261	48613	105490	115651	108870	117446	83320	66553	97965	153661	156637	158859	
"Argentina"	73734	179216	214104	316482	320869	156696	118307	127097	159288	169281	178268	153795	
"Togo"	31771	30548	60000	254939	94664	58908	45087	34139	58935	72761	99512	141681	
"Guinea"	13472	27689	39184	54748	134682	68343	65037	62323	95758	106799	136921	135971	
"Dominican Republic"	24347	29953	42096	45031	46127	66417	40357	40315	68108	101643	123809	124978	
"Mauritania"	22813	37444	75555	110737	106105	95837	97159	73206	86736	135459	168387	119731	
"Benin"	28587	116690	86572	79062	132783	100733	79920	84315	92899	113658	130979	117883	
"New Zealand"	56591	64153	67787	67923	72862	89508	90100	95685	104038	110153	112909	104879	
"Latvia"	64952	65958	115955	127367	179990	206408	173090	196996	127385	125662	126589	104716	
"Gibraltar"	169538	151858	171115	109526	118652	156324	18521	70451	142988	153485	95216	104501	
"Montenegro"	26483	27179	26966	29131	33012	36005	38297	51807	60087	79414	131552	103148	
"Philippines"	84133	70803	100612	144196	177922	141634	103874	106680	132960	176929	123874	101192	
"Luxembourg"	19458	25758	53757	51870	60985	70329	36587	59924	35728	66606	70733	97613	
"Area Nes"	446056	11316	9871	5487	54502	68872	9293	20267	12254	7981	77273	87258	
"Palestine, State of"	29523	40305	49092	62696	79565	92131	82224	94595	87460	77569	67595	87062	
"Estonia"	105984	90324	132005	168679	202271	179842	117825	171580	105824	91706	90424	79158	
"Sri Lanka"	31510	32035	42081	37405	38935	56275	51180	51643	70921	119050	84367	77476	
"Mozambique"	24496	46038	102553	36378	47047	52148	43845	24213	25353	48634	87857	76696	
"Sierra Leone"	15729	24464	25642	35865	47510	46235	43957	39680	50581	52536	60547	76591	
"Jamaica"	16559	22751	21928	41776	36178	46763	18352	17415	51050	75068	91302	76290	
"Trinidad and Tobago"	19452	24954	24141	36220	43187	50299	35347	30222	50691	74135	78369	76007	
"Mauritius"	18510	22496	44543	35550	41663	38637	34295	35521	65164	69431	75059	74590	
"Madagascar"	19296	27013	51213	56817	59809	54372	53746	59338	73245	80437	72081	73862	
"Mali"	8870	9925	18084	19283	23295	33881	30383	64745	52204	53616	49161	69552	
"Burkina Faso"	6134	10298	14583	12816	20747	26068	21696	24681	27261	53028	32660	66061	
"Gambia"	20720	20697	40350	35097	34767	21988	15977	18195	38399	45515	53533	62471	
"Congo"	39965	45431	78220	92129	95050	100681	126420	103356	57400	51728	60347	60744	
"Niger"	11005	14741	24474	38954	46551	35519	31297	23906	38162	56266	75597	58875	
"Congo, Democratic Republic of the"	14444	13870	31777	23863	39359	41073	32143	25741	27070	35468	54468	57341	
"Guatemala"	10022	16308	25218	27623	19825	20759	24306	30792	38554	44942	53638	54486	
"Uganda"	10327	13566	24192	22540	23733	26629	22085	20973	23696	29711	33575	53836	
"Paraguay"	7385	24813	25901	12097	21492	32259	17292	19003	29573	39408	48106	52333	
"Myanmar"	11647	19094	13293	5435	25190	38434	30738	27254	31750	58306	45295	52060	
"Gabon"	13946	18906	29972	52512	95809	58016	66285	23965	40184	30657	73173	51575	
"Uruguay"	10545	31676	30079	45594	45439	131727	45889	37099	41719	44881	48463	51567	
"Costa Rica"	7288	7554	10195	20312	34842	49121	48025	46908	51557	60804	56313	48522	
"Ecuador"	16461	35131	50122	51306	80448	83014	37382	38451	38268	57201	63806	42944	
"Chad"	4956	3323	5855	9739	13465	19355	17453	18533	17734	31567	40328	41485	
"Honduras"	5299	4606	5468	12882	10044	8524	8527	7070	13827	27336	16389	40554	
"Nepal"	5104	8605	14235	3231	3413	22102	47247	10005	39885	53119	56078	38836	
"Equatorial Guinea"	20095	32742	63361	75766	73966	65014	45739	23611	21583	31276	26930	38823	
"Mongolia"	5629	11151	43423	35883	53125	37046	23124	24218	24426	33850	41645	31827	
"Guyana"	2980	5498	9265	14970	13882	12742	10845	10065	22895	24969	31823	30248	
"Rwanda"	7547	7993	5946	19935	9761	38390	30322	29562	42592	20897	33034	27479	
"El Salvador"	5031	2105	772	2018	3240	2509	4433	5623	25694	17570	14845	25239	
"Cambodia"	5563	4490	3916	5200	12239	12114	13667	14177	17472	15553	23965	25018	
"Cuba"	10470	15264	9529	10091	14036	13041	10064	6277	20422	32381	44606	24992	
"Maldives"	6639	7492	7908	7137	5928	7837	18208	35651	39517	64447	28200	24864	
"Suriname"	3098	3071	4822	6257	5488	12611	16613	8411	12404	15223	18265	22066	
"Bolivia, Plurinational State of"	3341	5872	9571	11957	16907	18303	15513	14550	21100	20492	23286	21889	
"Bahamas"	5935	6300	7671	10542	12011	15911	13462	9950	9783	14695	88544	20942	
"Zambia"	2704	6033	6198	12964	22327	22437	28934	14294	16603	15370	20121	20911	
"Iceland"	6246	7454	13746	15996	14529	18874	67508	26706	199722	23862	23441	18828	
"Seychelles"	2752	4439	13856	9175	10455	9545	7693	6220	6853	13346	17706	17914	
"Saint Vincent and the Grenadines"	39790	6165	5958	7177	15900	23885	21495	3496	3426	4931	4973	17566	
"Zimbabwe"	838	2247	5380	8435	7911	5007	4385	4632	5354	11769	6023	15347	
"Comoros"	2813	3077	15200	5367	5078	6833	4721	4827	6124	10932	13668	14223	
"British Virgin Islands"	195043	74652	17926	34011	81018	18925	11418	36235	56079	3836	26021	13556	
"Barbados"	3852	4821	4833	4017	3094	8395	4359	5410	5427	6436	10396	12760	
"Nicaragua"	2236	1352	6546	8067	6505	3769	3646	4036	10857	14800	11590	12167	
"Eritrea"	2698	6828	7029	4996	1318	6285	13859	15666	13649	8269	13933	9913	
"Guinea-Bissau"	859	2514	2460	2188	5335	6622	5432	4120	3829	4465	4250	8256	
"New Caledonia"	1899	3258	3992	4949	5886	5157	6295	4980	5787	9914	10979	8044	
"Cayman Islands"	51417	38246	15912	18291	133293	40405	43973	17725	20637	20316	40475	7187	
"Antigua and Barbuda"	3403	3725	3252	7852	10778	15819	7697	4560	5517	7618	13560	6910	
"French Polynesia"	708	1171	1308	1270	1743	1246	1167	2946	3398	5864	9430	6601	
"Fiji"	311	1056	1218	1585	1064	914	1064	833	1423	2303	1861	5761	
"Cook Islands"	57	1948	2420	675	3928	7367	8048	6903	5387	7525	8200	5525	
"Cabo Verde"	4914	5844	5581	4410	7140	6681	5163	4206	4237	5115	9373	5468	
"Saint Helena"	11	0	9	0	0	0	0	0	0	11	13	5179	
"Belize"	1546	2343	3436	6106	15626	21136	6967	5659	4667	9609	10642	5085	
"Papua New Guinea"	1737	2353	2120	4862	4830	3961	2587	1631	5699	5144	5256	4891	
"Botswana"	155	616	1133	1738	2859	1885	1261	2905	1859	1516	2840	4778	
"Namibia"	1484	3458	2229	3995	3022	9599	83690	40309	55438	22967	9402	4248	
"Macao, China"	425	234	209	291	7498	7563	6891	5666	255	1000	17866	3556	
"Vanuatu"	1303	1010	1074	1419	6043	1306	1550	431	1457	2082	2659	3077	
"Central African Republic"	604	1041	32490	1585	1438	6165	790	800	1743	2881	4063	2995	
"Burundi"	2073	4387	5959	4153	1523	2518	2510	1866	1973	2508	2669	2898	
"Malawi"	2134	3403	2220	3731	5433	2931	2822	2213	2745	5909	5005	2847	
"Sao Tome and Principe"	453	473	1352	383	504	519	511	737	1010	1810	2390	2628	
"Saint Kitts and Nevis"	3242	3341	5883	11788	9901	9312	4031	3492	2273	7022	6310	2563	
"United States Minor Outlying Islands"	265	483	1122	1371	1952	1946	2012	2532	3372	1710	10170	2416	
"Saint Lucia"	227	241	300	543	807	632	1077	1565	1948	3006	3012	2298	
"Brunei Darussalam"	828	590	6616	869	5533	5527	4869	8122	1346	2568	4581	2006	
"Lao People's Democratic Republic"	395	1243	3996	2917	5953	4838	1437	2244	1355	8283	7758	1922	
"Palau"	0	4	0	2	430	1006	1036	665	1107	1629	2160	1850	
"Dominica"	693	2103	740	1196	1136	580	640	518	531	1330	1698	1616	
"Aruba"	250	412	620	978	300	714	640	904	1031	1356	1574	1392	
"Grenada"	212	223	471	2776	765	305	777	699	1464	1201	1942	1167	
"Turks and Caicos Islands"	755	255	216	5	0	89	71	146	74	988	763	1012	
"Samoa"	0	42	45	108	1103	757	507	971	1044	540	838	972	
"Armenia"	2	16	218	241	134	24	0	1	13	5	19	872	
"Faroe Islands"	257	165	203	343	480	103	121317	222	265	672	246	752	
"Wallis and Futuna Islands"	12	12	12	11	153	21	16	18	17	31	161	604	
"Falkland Islands (Malvinas)"	36	37	25	2	4	26	15	0	0	2	136	557	
"Timor-Leste"	70	2	7	4	72	51	31	66	74	27	0	477	
"French Southern and Antarctic Territories"	63	99	137	132	607	184	114	31	653	60	67	463	
"Bermuda"	824	830	679	987	724	1322	1030	784	850	1203	1586	441	
"Eswatini"	16	98	638	164	1594	766	1133	548	1185	1253	156	440	
"Lesotho"	617	556	549	503	497	178	251	347	1418	2904	1624	408	
"Korea, Democratic People's Republic of"	2459	665	100	240	6417	6305	4661	635	71	79	631	331	
"Andorra"	573	333	477	350	408	556	940	500	269	552	345	304	
"Tuvalu"	57	11	70	213	234	988	433	343	289	654	1165	279	
"Anguilla"	264	29	113	173	253	82	210	109	96	498	495	255	
"Tonga"	25	113	409	171	458	521	353	225	223	195	202	252	
"Solomon Islands"	166	43	0	9	20	43	346	18	34	30	186	180	
"Kiribati"	9	98	41	306	218	657	159	50	171	17	41	166	
"Greenland"	35	10	47	21	21	1	30	51481	38	30	50	152	
"British Indian Ocean Territory"	1	30	0	180	169	258	257	529	276	129	205	72	
"Curaçao"	0	0	25716	5160	39324	5980	4802	4376	353	0	40	54	
"Sint Maarten (Dutch part)"	0	0	0	0	0	0	0	0	0	0	0	46	
"Micronesia, Federated States of"	0	0	0	0	10	18	0	18	30	3	0	35	
"Niue"	0	0	0	0	0	0	0	0	0	35	105	20	
"Norfolk Island"	0	0	0	8	0	0	0	0	0	0	0	11	
"St. Pierre and Miquelon"	4	0	2	22	72	38	6	7	0	0	8	10	
"Bhutan"	65	93	58	28	59	72	28	98	61	186	97	7	
"Christmas Island"	9	0	0	0	112	0	0	0	0	4	0	3	
"Cocos (Keeling) Islands"	0	3	0	2	0	124	27	3	0	2	0	0	
"Nauru"	0	0	0	0	0	0	2	0	0	0	0	0	
"Africa not elsewhere specified"	0	0	77	289	546	2	0	0	0	0	0	0	
"Northern Mariana Islands"	0	0	0	0	0	0	41	5	644	0	29	0	
"Free Zones"	1957066	2083788	2544721	2294934	0	0	1906804	1837475	1994504	2186254	0	0	
"Mayotte"	2645	2366	3388	3807	6103	0	0	0	0	0	0	0	
"Montserrat"	0	0	0	0	0	0	0	1	0	0	0	0	
"Netherlands Antilles"	4390	19582	0	0	0	0	0	0	0	0	0	0	
"Sudan (before 2012)"	247190	227743	243723	0	0	0	0	0	0	0	0	0	
