Importers	Exported value in 2009	Exported value in 2010	Exported value in 2011	Exported value in 2012	Exported value in 2013	Exported value in 2014	Exported value in 2015	Exported value in 2016	Exported value in 2017	Exported value in 2018	Exported value in 2019	Exported value in 2020	
"World"	1056712100	1278099187	1481682200	1544932000	1577587300	1619742900	1503328350	1451459684	1547195403	1665688484	1642820352	1424934919	
"Canada"	204720827	249248666	281237169	292567767	300685611	312371471	280855169	266734465	282773830	299731712	292820258	255392345	
"Mexico"	128997663	163664583	198288689	215875039	226070227	240247090	236460137	230228834	243608975	265944976	256315828	211481021	
"China"	69575613	91910977	104121383	110516536	121721076	123675623	115873365	115594784	129997227	120289288	106448372	124485431	
"Japan"	51178320	60469046	65791777	69971995	65213790	66825973	62387810	63247049	67603375	75149289	74497004	63756412	
"United Kingdom"	45707871	48328089	56009021	54853629	47339021	53808147	56094706	55197491	56262428	66454485	69066568	58429779	
"Germany"	43220925	47994836	48939215	48372035	46862995	49028160	49978834	49568741	53965425	57757839	60069154	57432850	
"Korea, Republic of"	28639748	38820633	43461394	42282529	41686042	44470809	43483975	42262187	48356287	56310345	56504091	50965213	
"Netherlands"	32346735	37681975	43412845	40617368	42505242	43067033	40211652	39645357	41499803	48560472	50999792	45304856	
"Brazil"	26175324	35417484	43018839	43771024	44092977	42427834	31640538	30193264	37330688	39408580	42866313	34594964	
"Taipei, Chinese"	18432346	26049999	25929814	24336124	25470045	26670065	25826013	26033903	25735823	30479674	31204903	30219093	
"France"	27043697	27724343	28859448	31925500	33864704	32449632	31417313	32637764	34220254	37625953	38414204	28205524	
"Belgium"	21629705	25457983	29990461	29434612	31920917	34771811	34173801	32099636	29923316	31409587	34728200	27568079	
"India"	16462437	19248887	21542181	22105715	21811337	21607499	21452909	21647178	25647818	33191061	34221377	27080305	
"Singapore"	22278009	29008535	31261590	30499151	30621735	30204822	28480840	26815585	29649147	32881161	31193684	26929230	
"Hong Kong, China"	21117126	26566570	36375363	37437333	42321051	40822125	37182747	34895360	39854770	37310821	30788099	23848948	
"Australia"	19604111	21808100	27623034	31145607	26110918	26494856	25033316	22145065	24519387	25333736	25867258	23381674	
"Italy"	12247849	14226944	16041699	16102399	16757922	16973822	16219726	16728929	18395431	22845460	23707239	19887105	
"Switzerland"	17478819	20711347	24480073	26363312	26493077	22133642	22189716	22821660	21723642	22221553	17975604	18105632	
"United Arab Emirates"	12106581	11660748	15913667	22552553	24446087	22061768	23001078	22384471	20078561	19497127	19974298	14721419	
"Spain"	8750695	10355446	11031475	9551879	10243776	10200239	10310081	10401218	11070994	13064269	15340702	12856239	
"Chile"	9365333	10906675	15993031	18773079	17517675	16512735	15448915	12936511	13632844	15312340	15709110	12482959	
"Malaysia"	10401451	14079148	14263433	12814764	13003614	13067717	12277706	11774179	12871803	12951984	13187775	12295586	
"Colombia"	9457772	12067662	14335692	16356797	18369302	20106598	16302185	13047286	13373918	15113876	14750447	11913533	
"Thailand"	6920200	8976296	10929767	10887757	11797150	11809675	11228763	10501044	11033497	12520515	13303146	11276515	
"Saudi Arabia"	10803684	11505551	13923665	17961238	18960148	18704865	19791575	17993678	16355446	13597010	14482987	11109264	
"Israel"	9567807	11295014	13961616	14273473	13742185	15081785	13539212	13199442	12547573	13709277	14402554	10188223	
"Turkey"	7088987	10538482	14695214	12474727	12073352	11645441	9519510	9354232	9772449	10254045	10031193	9986225	
"Viet Nam"	3107586	3705549	4315220	4622883	5036143	5734357	7100572	10098439	8134093	9675575	10821544	9912050	
"Ireland"	7516394	7274602	7655739	7391887	6631969	7805934	8930614	9565391	10707688	10744480	9052318	9575272	
"Philippines"	5772849	7376713	7727871	8087356	8403503	8453324	7903090	8193676	8450627	8716048	8641029	7738751	
"Peru"	4925182	6749503	8341848	9348621	10119124	10053610	8723969	7926941	8674699	9694724	9658321	7575959	
"Dominican Republic"	5269883	6579217	7325686	6967115	7155518	7922141	7114647	7750713	7851737	8953254	9205018	7514606	
"Indonesia"	5106426	6947847	7421406	7997976	9096785	8284067	7118133	6024281	6863641	8170937	7731259	7395649	
"Argentina"	5559717	7386784	9892037	10258027	10348310	10825715	9361857	8526706	9603661	9907686	8145478	5914992	
"Guatemala"	3900714	4476841	6151170	5748945	5552497	5963671	5821086	5834843	6863758	6639004	6799877	5835297	
"Costa Rica"	4704373	5178268	6099237	7236638	7223400	6964076	6044943	5864709	6145854	6470151	6217845	5689743	
"Panama"	4357705	6064986	8246942	9822506	10557240	10462658	7668880	6069072	6289883	6733398	7536459	5659952	
"Poland"	2304441	2982766	3142733	3346207	3778086	3650163	3715464	3644370	4523433	5358072	5955364	4955495	
"Russian Federation"	5382808	5993665	8318439	10695291	11144526	10752773	7086515	5831103	7002917	6658002	5784559	4886853	
"Sweden"	4563588	4736984	5259594	5247918	4318268	4337879	3939002	3804733	3734519	4471113	4367183	4770965	
"Egypt"	5257586	6832542	6228229	5498320	5175346	6472585	4758797	3485904	3990353	5052375	5498014	4663396	
"South Africa"	4460552	5631634	7271228	7552736	7293060	6368196	5457293	4599958	5050645	5530839	5367159	4374151	
"Honduras"	3384032	4606444	6166366	5714670	5373025	5960551	5216351	4827613	5068358	5593598	5419480	4202536	
"Ecuador"	3923963	5409017	6059785	6690073	7648703	8129379	5818404	4163586	4831879	5902963	5569457	4132909	
"Austria"	2466033	2335947	2779878	3365118	3477687	3793502	4024271	3795692	4274565	3563919	5708822	3429524	
"Qatar"	2720183	3159770	2806682	3577715	4958347	5173424	4222428	4926697	3123876	4428220	6456797	3410729	
"New Zealand"	2159433	2819063	3506792	3125315	3220332	4255675	3630673	3575016	3923286	4060168	3946988	3195463	
"Czech Republic"	969740	1409644	1684361	1832280	1943336	2302337	1977042	1965881	2272004	3003282	2790557	2972744	
"Denmark"	2058490	2132447	2247928	2224433	2231000	2360681	2202791	2238325	2210898	2608052	3194568	2941014	
"Pakistan"	1624888	1901072	1988748	1530065	1645795	1512132	1837957	2107772	2808081	2852148	2648163	2911769	
"Bahamas"	2455313	3177977	3441973	3479067	3450323	3324418	2386947	2096790	3063604	3020573	3357786	2804911	
"Nigeria"	3658008	4060548	4904789	5029335	6388833	5967789	3431360	1894688	2173817	2687381	3198077	2802207	
"Norway"	2752927	3107404	3628450	3501180	4618055	4423773	3570794	3919971	5453066	5427066	3897008	2781597	
"El Salvador"	2018499	2430365	3357079	3070529	3262029	3295875	3248766	2918605	3071562	3391306	3365784	2583802	
"Trinidad and Tobago"	1989107	1924925	2185138	2477826	2404157	2411034	2511636	2341456	1817043	2117849	2816831	2400559	
"Morocco"	1606101	1947614	2823307	2170397	2483741	2102226	1624803	1932700	2218491	2999798	3501600	2301438	
"Kuwait"	1951751	2774767	2749652	2681907	2597569	3648587	2740651	3295942	5097990	2974435	3170867	2218620	
"Hungary"	1231685	1290393	1479338	1566157	1726911	1842762	1715272	1844504	1888147	1750443	1914212	2110822	
"Ukraine"	890069	1348816	2136786	1935417	1924759	1239813	862159	1076685	1788339	2486998	2457369	1907963	
"Bangladesh"	434896	575698	1144148	508181	708816	1113364	942520	905731	1473825	2081527	2339320	1851853	
"Jamaica"	1448305	1661397	1934143	1989289	1979637	2181990	1716058	1649744	2111177	2611421	2479375	1661940	
"Portugal"	1085269	1057862	1315990	1097096	844359	1135635	942301	967411	1192557	1572596	1715572	1658075	
"Finland"	1665564	2179532	3158716	2566156	2349033	2150014	1559846	1497740	1509538	1880977	1767688	1575797	
"Nicaragua"	715043	981364	1058585	1128213	1059654	1008621	1267399	1479944	1586962	1629047	1618327	1424117	
"Haiti"	791683	1208577	1058949	1050230	1226730	1276652	1140569	1090781	1422755	1413551	1262211	1397929	
"Greece"	2475730	1106426	1130970	804137	739039	773187	725599	746607	954256	1084344	1442109	1373727	
"Luxembourg"	1292117	1439674	1585845	1903125	1848773	1516207	1393819	1446279	1078266	1084259	1921647	1351922	
"Jordan"	1193406	1172175	1449688	1766366	2084046	2050389	1359622	1458957	1920655	1581427	1492356	1318933	
"Paraguay"	1352587	1810054	1972071	1740963	1932852	2115641	1491696	1970328	2712675	2256468	2108012	1267396	
"Uruguay"	744419	975277	1258319	1359233	1754688	1605794	1295136	1114385	1587679	1384265	1616175	1217057	
"Venezuela, Bolivarian Republic of"	9359767	10644796	12383399	17516968	13201209	11137707	8343600	5214302	4127237	6073913	1302132	1130314	
"Oman"	1087468	1105210	1436647	1746917	1571254	2015912	2355322	1803273	1984164	2415174	1936844	1129864	
"Lithuania"	408030	628120	1141936	756984	854290	681146	528184	463690	609280	706489	933844	1020934	
"Romania"	671568	729793	918552	832745	746523	977462	753748	696239	954074	1114076	948895	922121	
"Ethiopia"	275975	773160	689891	1274672	688508	1668976	1555249	826095	877154	1308202	1010789	910939	
"Bahrain"	668597	1235145	1214407	1176914	1017912	1059758	1270681	899139	897933	2042299	1406459	884911	
"Ghana"	634258	989339	1199087	1322495	982393	1186244	949975	831984	859526	768789	840131	828772	
"Gibraltar"	1559883	1494145	3148591	5109058	3576385	2530894	1979388	1634174	1139920	1358328	1258657	828358	
"Iraq"	1774844	1643064	2400365	2053842	2021734	2105746	1973385	1266311	1204858	1312053	1189169	770125	
"Cayman Islands"	643672	581647	615753	667000	679737	812722	684937	753211	885914	951675	1125031	753043	
"Algeria"	1108769	1194325	1596975	1363163	1848704	2616993	1875733	2191262	1062352	1261034	1000468	725193	
"Curaçao"	0	0	484201	691942	687699	611834	1262684	1591701	1258316	1395688	1098757	683324	
"Lebanon"	1440957	2009038	1807312	1039943	1034282	1268529	1286046	1170320	1221296	1327790	1004206	677615	
"Afghanistan"	1511460	2151401	2921862	1521555	1409639	792389	478712	913874	942232	1227404	757769	670663	
"Guyana"	260705	290703	363441	359571	318388	369961	368134	444444	377451	540902	671829	654544	
"Saint Lucia"	136081	401511	315651	376958	594312	693802	515415	438801	555619	590070	821602	621032	
"Kazakhstan"	599471	730287	827133	883647	1150149	1008954	510475	1111379	552347	729341	740216	508939	
"Barbados"	404689	397392	439877	458568	452156	539917	595422	481879	527328	583660	567735	504736	
"Angola"	1422873	1293491	1503223	1490579	1443439	2039125	1166095	1249758	809493	524980	534698	469988	
"Bermuda"	807388	636554	608944	622417	537364	646392	600833	628261	693646	611305	578450	459457	
"Bolivia, Plurinational State of"	431679	507981	667847	763010	1050758	1009968	931791	657281	594634	560384	552268	447110	
"Georgia"	363808	300878	580009	541253	601253	627537	340496	324437	382865	477647	768527	435979	
"Tunisia"	502111	572781	597008	614866	870178	831402	602417	526955	544452	597395	460657	428995	
"Belize"	252783	289388	355663	265606	241173	236703	285287	267001	294755	406621	405906	395104	
"Bulgaria"	224726	170882	258590	248545	307323	358777	289480	269019	381445	370051	462451	375066	
"Kenya"	654377	375349	461442	568584	635689	1640899	943454	397473	453959	365422	401300	372172	
"Sri Lanka"	229525	178740	303376	223950	311912	350340	361950	367855	336249	371389	389999	359155	
"Estonia"	183223	187880	309603	235986	292850	294950	288592	256555	274021	346144	410568	344986	
"Cambodia"	127224	153825	186568	226405	241226	327933	391095	360731	400112	445919	513939	343851	
"Myanmar"	6970	9651	48950	65766	145831	92856	227310	195650	211280	260671	346819	338944	
"Slovakia"	208208	255852	302412	335549	294778	443994	379538	293202	441635	289345	389057	332973	
"Yemen"	380772	397766	389745	469466	518252	368878	158010	170867	198955	191308	269955	328795	
"Croatia"	203290	311801	511383	310054	308962	339592	332092	290918	446503	615236	710848	316222	
"Togo"	124884	157621	209689	370550	1007524	1024664	311816	229466	456329	649083	437522	310389	
"Aruba"	446132	540432	713210	710159	1099961	1357737	1167593	801043	975071	614232	560166	308565	
"Latvia"	288728	344943	585962	506219	494565	428178	267104	272988	381612	510020	551810	306136	
"Slovenia"	241243	328109	668167	307878	269534	301219	346054	331367	371606	321719	344202	298392	
"Iceland"	349536	324883	628054	370820	513397	364461	415458	447778	399259	670389	555025	292456	
"Antigua and Barbuda"	156977	158340	154766	204628	145155	216605	677670	261505	425602	520498	489641	291909	
"Libya, State of"	666057	665534	307239	549022	864518	531856	231337	190108	134882	243859	412009	289956	
"British Virgin Islands"	233006	145778	151474	171759	312739	386662	259759	332921	400130	822722	580569	283578	
"Senegal"	175945	218783	265151	149119	229208	172583	198825	184316	207907	289218	196740	281302	
"Suriname"	381521	362091	433919	499267	449805	518648	443632	303516	359563	388078	382283	267385	
"Turks and Caicos Islands"	247920	189434	204953	209630	225790	281895	279679	296604	369854	356409	346385	259746	
"Tanzania, United Republic of"	158124	163500	260183	245390	411953	302170	172817	157566	145290	331900	332501	243223	
"Côte d'Ivoire"	206242	162845	131405	188088	167577	239079	266415	291255	322052	309480	278533	218767	
"Benin"	398337	462535	617575	572965	605364	780952	631352	235026	249819	254021	266422	196962	
"Djibouti"	196692	122793	129176	118842	164483	110875	144708	132795	157304	110963	150077	189298	
"Cameroon"	153642	132270	220568	253043	335737	301070	224919	189771	158875	193167	200038	187383	
"Macao, China"	209189	225189	291500	345461	351203	433271	542389	632020	501227	601508	572014	183074	
"Uzbekistan"	97416	101148	102561	284611	356435	212944	137963	317880	136095	296540	505539	181074	
"Cuba"	533375	363112	363316	464458	359610	299064	185718	241837	291277	271011	286472	176823	
"Serbia"	115686	115652	142204	148490	156518	151453	146013	163498	135525	184698	166811	175018	
"Azerbaijan"	221989	252517	337885	492623	380994	950265	478053	433527	354545	313936	374332	161957	
"Congo, Democratic Republic of the"	79856	93267	165925	199549	169806	181849	136131	82754	76261	78002	131898	153401	
"Niger"	58243	48886	48152	37367	46091	58516	71606	66301	44301	61690	91802	144680	
"Malta"	192855	457388	752427	390983	563594	917587	490666	292460	293018	201048	143319	138102	
"Saint Kitts and Nevis"	108130	131031	115841	106150	142959	184580	149736	144530	243531	209366	196743	136040	
"Guinea"	94859	85062	256160	154622	79463	65186	135284	84189	103022	127011	128011	135532	
"Mauritania"	56280	84343	243311	291594	245485	149239	126279	116253	127859	88379	90686	128063	
"Mozambique"	189832	224020	459242	351609	303016	375164	264204	149441	177237	183382	196317	127368	
"French Polynesia"	113040	121591	126619	129855	126287	129534	120042	100040	119798	287713	650927	126357	
"Belarus"	137256	133149	156544	102025	95142	93386	59236	195012	72668	132455	125113	121709	
"Brunei Darussalam"	100203	124168	184372	157596	558209	549157	133447	614356	121119	266010	287861	120019	
"Marshall Islands"	77600	91185	143792	142133	65478	94724	53808	283304	557201	289616	105172	120005	
"Mongolia"	40483	115518	315177	664955	279573	167466	69177	55262	82192	120888	192845	117731	
"Sudan"	0	0	0	55491	88268	77178	79129	65248	82977	118429	95912	116985	
"Cyprus"	160770	134395	97700	166681	143224	151660	101837	182503	82406	132275	204404	102939	
"Dominica"	76661	72844	73675	78934	77688	64186	67312	51083	166956	161873	242633	100771	
"Congo"	277074	254428	227293	237201	222398	321467	249208	130887	117345	100414	108900	99089	
"Grenada"	59092	71243	81834	72113	95265	83966	90474	86783	103241	118968	118951	98949	
"Mali"	36805	37274	55078	59745	49893	38462	72426	73201	61862	78851	68051	98701	
"Uganda"	119082	93514	94038	100125	122740	78262	88239	69060	107870	87508	104309	94880	
"Equatorial Guinea"	305860	272137	285394	233162	756140	574795	161963	278439	111936	139399	213871	93729	
"Nepal"	31002	28269	40354	37014	32514	36272	36414	40458	75852	55514	122511	93649	
"Liberia"	94980	191352	195208	241089	173207	184437	135816	158020	138341	196669	113874	93178	
"Gabon"	170823	242999	205151	319048	307984	417347	203872	85018	89006	113068	129329	92239	
"Saint Vincent and the Grenadines"	77412	85970	80603	98708	93190	103565	84722	93596	81349	82397	102997	77663	
"Sierra Leone"	42534	61057	102792	100736	82411	87913	77326	63176	79173	71406	78234	73807	
"Burkina Faso"	26004	46588	33260	47277	77599	72304	53875	35558	61047	59489	66256	71928	
"Zambia"	58818	56415	129785	146789	141149	114122	84171	81625	85149	195386	99272	71797	
"Papua New Guinea"	217695	186079	304029	391382	166734	143241	207794	131300	105852	86999	95190	62517	
"New Caledonia"	77910	108036	115340	75096	72874	121189	88666	65912	59363	63948	74467	60510	
"Namibia"	202315	110185	136564	184615	235244	342742	127618	212941	115048	205652	194405	60094	
"Micronesia, Federated States of"	67779	42390	44072	51492	41588	41523	40033	42970	44828	46743	45316	57814	
"Albania"	47529	46432	47562	54082	74365	51280	30898	50293	62087	59200	86259	57107	
"Somalia"	4099	1458	6082	16735	15959	35654	45027	38827	70595	49461	105232	56853	
"Moldova, Republic of"	26812	37814	39569	38268	45603	35269	16164	14996	17615	13420	20468	49949	
"Mauritius"	70031	40028	46370	95987	42055	35219	58435	86957	61489	123359	103482	49617	
"Botswana"	93255	48497	44274	47984	82091	52866	39286	42427	93045	81909	104494	48657	
"Anguilla"	52934	35576	31194	27409	31038	63173	47603	42897	59398	115705	73772	47044	
"Zimbabwe"	85481	67565	61598	53478	60526	48699	37845	30062	39926	33747	39958	46419	
"Chad"	62699	89670	35450	36552	41461	66500	56592	32817	31338	51380	84633	46111	
"Macedonia, North"	34841	33333	29457	21118	54778	33850	30679	45860	41226	41419	38658	43735	
"Gambia"	33651	29254	29366	27459	34135	41539	37448	40004	39236	41283	44957	41490	
"Fiji"	31172	43972	42629	55608	66936	79515	56905	55049	66552	105008	102910	39505	
"Montenegro"	36853	14555	17673	12397	21684	18179	11134	16711	9149	63691	18395	36571	
"Iran, Islamic Republic of"	281815	211398	233183	251123	308142	186550	281916	172454	136001	425766	76673	36296	
"Madagascar"	165869	115994	56284	64275	64008	46800	54554	41967	53260	116794	66679	35990	
"Turkmenistan"	310196	39966	70967	92020	261779	455525	80833	106203	282179	30903	28514	32905	
"Kyrgyzstan"	51870	79408	101879	145494	106251	71678	32003	20012	26067	17062	20825	32481	
"Armenia"	77097	113451	94316	64299	91221	60471	50246	43578	54991	45739	52903	27896	
"Rwanda"	34146	30608	119652	30490	25191	21219	14282	74666	66149	25241	18834	27403	
"Samoa"	18684	19124	23787	24703	28395	22949	22720	27967	38309	39098	52803	26315	
"Maldives"	17424	28284	44835	30052	28779	28986	35136	30969	34373	37724	39393	24666	
"Lao People's Democratic Republic"	20447	12645	26085	33494	24400	28485	24584	30878	25672	16069	17073	24557	
"Bosnia and Herzegovina"	21312	26350	21332	15870	38481	46080	27524	29365	27177	45657	60315	21611	
"Eswatini"	14575	22179	20075	40227	22675	25718	28522	25611	24073	33428	19698	21414	
"Palau"	14822	14157	16831	16756	18238	20521	25634	25694	19433	20627	19581	21107	
"Eritrea"	6735	2385	4309	5864	13476	5328	3498	3048	5021	8191	14322	18675	
"Seychelles"	34094	10682	13057	14969	12190	12688	18546	12481	15489	14379	18358	17062	
"Central African Republic"	31485	10340	12335	8516	4103	32322	34310	9419	11179	9882	16985	15816	
"Tonga"	12942	20679	19270	26893	19239	20032	13818	15216	16719	24126	20402	14666	
"Malawi"	40424	37001	56973	63951	54499	50670	37202	46613	27881	17240	22809	13174	
"Norfolk Island"	865	661	1044	1228	1731	830	350	122	138	197	13	11707	
"Montserrat"	5870	4747	6903	8566	8617	9182	6640	9485	9708	17513	15847	11601	
"Timor-Leste"	2350	4326	8146	1143	1365	1287	2691	1617	2565	1502	4790	9286	
"Tajikistan"	41199	57013	178246	54187	51874	24503	18985	21324	18054	14233	11343	7545	
"British Indian Ocean Territory"	1775	1480	2212	2725	762	2099	581	5419	36335	9212	23005	7300	
"Vanuatu"	3911	18940	5152	99516	34439	21186	5868	7814	7762	10309	4650	7014	
"Greenland"	7073	8578	7302	15857	19148	12714	8080	4050	9885	9888	18558	6941	
"Cabo Verde"	6387	9976	11463	7765	9134	7284	7324	8694	9146	8560	8170	6922	
"Western Sahara"	159	54	31	59	156	277	32	94	418	260	21198	6824	
"Burundi"	8697	14386	32789	19940	16711	5599	5650	8407	8133	14548	2452	5408	
"Saint Helena"	2900	692	1902	4848	2867	490	3720	746	588	719	573	4856	
"Solomon Islands"	6021	4954	6057	7255	8934	6599	5861	9898	9304	11720	19827	4668	
"Andorra"	9426	7682	5161	2238	5797	3789	3337	2830	3285	3066	3350	3684	
"Guinea-Bissau"	1555	3402	11839	21095	6644	2904	2135	3550	3752	18555	1244	3665	
"Cook Islands"	1964	3859	4604	5504	4869	5486	4250	4650	5244	7211	10645	3252	
"Bhutan"	2742	3505	3839	2489	2351	2422	2649	1976	34893	55902	2836	2857	
"Faroe Islands"	9870	2130	3561	1627	2454	2361	2337	2582	2035	2409	3170	2793	
"Palestine, State of"	644	2545	1193	1627	1073	1924	1044	1339	2747	2641	3413	2310	
"Lesotho"	16630	11330	13181	16514	571	2450	882	2839	1902	2312	1212	2192	
"Syrian Arab Republic"	303997	503311	230165	19471	21642	6794	3072	3491	6961	50524	8609	2108	
"Christmas Island"	926	1750	1486	4054	467	169	1551	1143	477	778	1596	1978	
"Kiribati"	825	3978	17667	4606	6984	3294	7321	1149	4929	4443	2188	1715	
"Tuvalu"	152	621	724	612	560	592	626	1140	796	1359	832	1682	
"Comoros"	1931	1259	1095	954	3491	3453	1507	1350	1375	2778	1513	1411	
"French Southern and Antarctic Territories"	959	589	1426	1239	1750	8252	8027	4912	2843	818	6805	882	
"Sao Tome and Principe"	4018	1359	6124	870	1998	1088	854	1994	3141	2068	2697	733	
"Nauru"	3687	2492	499	2209	759	812	1734	495	199	797	1232	607	
"Falkland Islands (Malvinas)"	2356	2718	3957	4347	1241	7846	2918	1485	482	215	318	306	
"St. Pierre and Miquelon"	215	15	119	180	262	4	227	62	391	132	88	272	
"Niue"	1210	1571	716	772	249	112	71	76	87	1261	252	174	
"Wallis and Futuna Islands"	535	778	339	602	638	350	377	225	301	1189	472	156	
"Cocos (Keeling) Islands"	1441	728	957	933	22169	6041	558	779	452	345	83	120	
"Tokelau"	12987	3938	4886	13422	828	1346	341	2474	1237	18547	594	87	
"Korea, Democratic People's Republic of"	903	2867	9406	11952	6583	24029	4752	118	0	0	0	0	
"Sint Maarten (Dutch part)"	0	0	397645	702363	833111	781957	0	0	0	0	0	0	
"Pitcairn"	568	4	16	41	0	56	17	52	1	85	6	0	
"South Sudan"	0	0	0	32541	13417	46615	0	0	0	0	0	0	
"Area Nes"	233739	375898	225388	175000	179871	102	0	1771	0	0	0	0	
"Mayotte"	1184	6282	4572	11610	8520	0	0	0	0	0	0	0	
"Netherlands Antilles"	2130660	0	0	0	0	0	0	0	0	0	0	0	
"Sudan (before 2012)"	78726	115618	82056	0	0	0	0	0	0	0	0	0	
