Exporters	Exported value in 2009	Exported value in 2010	Exported value in 2011	Exported value in 2012	Exported value in 2013	Exported value in 2014	Exported value in 2015	Exported value in 2016	Exported value in 2017	Exported value in 2018	Exported value in 2019	Exported value in 2020	
"World"	12344059790	15094126364	18143794157	18398350145	18855391109	18858412093	16412910145	15925700112	17562797123	19325994809	18736223963	17271017748	
"China"	1201646800	1577763800	1898388400	2048782200	2209007300	2342292696	2281855922	2118980582	2271796142	2494230195	2498569866	2590607686	
"United States of America"	1056712100	1278099187	1481682200	1544932000	1577587300	1619742900	1503328350	1451459684	1547195403	1665688484	1642820352	1424934919	
"Germany"	1125844048	1267743109	1483802558	1410146321	1450937515	1498238432	1323665116	1332489067	1444776367	1556622939	1486877250	1378030840	
"Japan"	580718734	769773832	823183759	798620023	715097244	690217466	625005915	645589410	698021623	738164252	705842013	640953137	
"Netherlands"	431502452	492645872	569357971	552501891	575111979	575677265	464697216	468176328	527907822	587893084	576784455	551820270	
"Hong Kong, China"	329421935	400692015	455573380	492907472	535186743	524064899	510552779	516588131	549861455	569105740	535711019	551515756	
"Korea, Republic of"	363531063	466380620	555208898	547854448	559648708	573091134	526900733	495465606	573716618	605169190	542333337	512788606	
"Italy"	406479127	446839830	523256296	501528851	518095103	529528733	456988626	461667625	507430236	549906996	537748429	495976960	
"France"	464112811	511651043	585723824	558460545	567987698	569409762	495442074	490433897	524180934	569764876	556550374	476082181	
"Belgium"	370970847	407357556	478525231	446557259	466846143	472121555	396919286	398345784	429799692	468629855	446876870	419478288	
"Mexico"	229712337	298305075	349326582	370706658	379949273	396890473	380789105	373904303	409476446	450920374	460703804	418140902	
"United Kingdom"	359615540	422014118	517288693	481225754	548041853	511145443	466295683	411463356	441847324	490840364	468322416	395692087	
"Canada"	315176831	386579900	450430008	454098967	456598271	475177176	410688692	390195631	421161325	450790344	446562311	389850223	
"Singapore"	271079918	353240365	416289216	415615110	419931654	415418247	346641061	329854222	373055543	412077471	390386234	373909153	
"Taipei, Chinese"	203035224	274563932	307585242	300887781	304571708	313159754	279943715	279020548	315734179	334244241	329512433	346633936	
"Russian Federation"	301796059	397067521	516992618	524766421	527265919	497833529	333501801	285491052	357083135	449347157	422777167	337105352	
"Switzerland"	172702655	195609280	234819262	312282673	357909510	311145884	290408721	302890960	299507520	310742992	314145207	318985767	
"Spain"	223097751	247565706	299207388	290680282	313106420	319651825	276958512	283761066	311600619	346064315	337215114	312080513	
"Viet Nam"	57096274	72236665	96905674	114529171	132032854	150217139	162016742	176580787	215118607	243698698	264610323	281441457	
"India"	176765036	220408496	301483250	289564769	336611389	317544642	263889005	260963959	295862157	323997680	323250726	275488745	
"Australia"	153899576	212108726	269423385	262678467	256678556	252680285	191320123	189389234	229722178	254525413	272579608	254531426	
"Poland"	136641305	157064948	188105090	179603599	203847918	214476794	194461157	196455270	221307621	261815269	251864773	254169032	
"Malaysia"	157194832	198790691	226992682	227449500	228316107	234134977	200890906	189863395	217715510	247489373	238161125	233553703	
"Thailand"	152497203	195311520	228823973	229544513	228527440	227572764	211178474	213558947	235871371	249921314	245380465	229277734	
"Brazil"	151791674	200433953	253665437	239952538	232543660	220920757	191134325	185235401	217739177	239889210	223998669	209180242	
"Czech Republic"	112884321	132140914	162391721	156422743	161524152	174279452	157194123	162087332	182231361	202521578	199469710	192304896	
"Ireland"	116894674	120645180	129657903	120208958	118447212	123071289	124730515	132009760	138072213	167017888	170743383	184130806	
"Saudi Arabia"	191810273	250577016	364139419	387373983	375360918	341947183	213376375	178874135	220068596	294535553	251800458	176507506	
"Turkey"	102142613	113883219	134906869	152461737	161480915	166504862	143844066	142606247	156992940	167923862	180870841	169657940	
"Indonesia"	116509992	157779103	203496619	190031839	182551754	176036194	150282258	144494206	168810637	180215036	167682996	163306490	
"Austria"	131387248	144882002	169511433	158820719	166273910	169712859	145275530	144700690	159970531	176991971	171532055	162145129	
"Sweden"	131116175	158410622	186898110	172437657	167493222	164677597	140006471	139273334	152902202	165959033	160567911	155607847	
"United Arab Emirates"				350123000	371217682	343043070	300478648	295046691	313547597	321006905	315942728	154797163	
"Hungary"	82571847	94748737	111216834	102829804	108014637	112536244	100296847	103009508	113382077	123957885	122180658	119970720	
"Denmark"	92090687	96216730	112713339	106104022	110469532	110748921	94618817	94729013	101434431	108523102	109991555	107224300	
"Slovakia"	55553022	65306124	78970052	79953452	85189617	85767258	74969507	76997192	83475386	93403168	89909085	87104452	
"South Africa"	53863892	82630650	107956344	98824504	95062895	92590712	81791370	76586727	89555817	95179154	90419473	85686133	
"Norway"	114675480	130656792	160409821	160952207	155350553	144611290	105365688	89504910	102072155	123054756	102793716	82429462	
"Romania"	40620890	49413386	62692001	57904330	65881442	69877891	60605048	63581004	70626887	80077606	77298748	71046399	
"Chile"	55458960	71106106	81437589	78062995	76769729	75083497	62042350	57737906	65882717	75404118	69145962	67557693	
"Finland"	62860483	70116501	78794218	72974489	74445386	74338834	59682311	57325872	67280641	75258290	72839176	65599590	
"Philippines"	38435802	51497515	48042129	51995224	56697803	61809755	58648378	56312889	63233344	67487925	70334023	63879430	
"Iraq"						84506037	54659355	49512742	69304930	97484148	91224183	63280245	
"Portugal"	44249980	49414051	59588302	58140500	62794139	63834386	55045026	55371549	62116841	74135906	67064074	61491411	
"Argentina"	55672119	68174447	82981091	79982380	75962981	68404347	56752410	57733363	58133543	61781529	65115327	54821594	
"Qatar"	48007107	74964415	114448021	132984792	136855146	131395763	77971079		67498106	84904617	72934956	51504158	
"Israel"	47934614	58413028	67796328	63140635	66781207	68965008	64063442	60570596	60899506	61951550	58448249	50151256	
"Ukraine"	39695648	51430286	68393034	68694495	63320469	53913302	38127040	36361032	43428391	47334680	49853049	49388093	
"Kazakhstan"	43195762	57244064	88107934	92281521	84698536	79458749	45955777	36775606	48342145	60956233	57722942	46949697	
"Bangladesh"	15558634	19230983	24313744	24513501	24537341		31734162	38603584	40965538	45552453	47632799	42392465	
"Kuwait"	51959754	62698237	102695762	114536221	114124843	101131955	55161618	46242450	54985137	71941445	64482097	40149524	
"Peru"	26738260	35807438	46386022	46366536	42568899	38645855	33246845	36039994	44237949	47223269	45135222	38757234	
"Slovenia"	22405415	24434752	28984136	27080022	28628740	30522102	26586979	27657728	31893790	36471279	37574594	37471094	
"New Zealand"	24932601	31392978	47700296	37304685	39443066	41619848	34297532	33759172	37016410	38434847	38183311	37468046	
"Greece"	24236625	27585696	33377039	35151146	36261644	35755371	28289237	27810925	32154816	39490521	37885527	35070462	
"Nigeria"	49937460	86567913	125641031	143151183	89450809	98773957	48465647	34764915	41010138	52920065	53624701	33361475	
"Lithuania"	16496339	20813923	28068648	29652662	32599743	32394296	25411022	25022652	29349549	33334577	33150772	32837539	
"Oman"	27650631	36599577	47091873	52138226	55497131	53220765	31926531	30013600	32904047	41760976	42022781	32151778	
"Bulgaria"	16502520	20608005	28165220	26698780	29510574	29386540	25778746	26582417	31371444	33667653	33351426	31872938	
"Colombia"	32852986	39819529	56953516	60273618	58821870	54794812	35690767	31095444	37770123	41769699	39496225	31045676	
"Belarus"	21304173	25283462	41418672	46059935	37203035	36080537	26660395	23537355	29239994	33726141	32955122	29179441	
"Morocco"	14068940	17764791	21649934	21417184	21967951	23815816	22197567	22850021	25619900	29317739	29592492	27704922	
"Egypt"	24182270	26331836	31582439	29417006	28779409	26812196	21852048	22973369	26434038	29483042	30632553	26815145	
"Angola"	40639412	52612115	66427390	70863076	67712527	58672369	44731531	28057501	34815223	42021981	34819241	22653581	
"Pakistan"	17554698	21413103	25343769	24613676	25120883	24722182	22089018	20533793	21911598	23778621	23818817	22237163	
"Algeria"	45193920	57050974	73436306	71865749	65998138	60387689	34795951	29992101	35191117	43075116	36767788	21454344	
"Ecuador"	13863050	17489922	22342524	23852017	24957644	25724432	18330608	16797667	19092352	21627978	22329379	20226568	
"Serbia"	8345076	9794516	11779478	11229031	14610779	14843348	13361043	14832645	16946130	19157001	19557555	19384734	
"Cambodia"	4992010	5590104	6704137	5796274	6665903	6846019	8542434	9982663	11268954	12707908	14824722	17716469	
"Croatia"	10491835	11810676	13364022	12368983	12741618	13843900	12843529	13647534	15732485	17210469	17063050	16965387	
"Estonia"	10445840	12811364	18139131	18161224	18284136	17465560	13907610	13967429	15387735	17851478	16817428	16946992	
"Myanmar"		8873436	8127869	9053439	11436328	11451861	11431792	11672717	13878764	16694858	18105886	16929247	
"Latvia"	7171470	8850801	11988196	12685522	13324705	13782782	11649940	11607295	13189947	15065000	14447102	15181997	
"Congo, Democratic Republic of the"							8685052	7192847	12295708	20004285	13382299	14122147	
"Tunisia"	14445136	16426570	17846965	17007446	17060465	16759748	14073488	13575131	14199816	15521229	14944087	14071319	
"Azerbaijan"	14688728	21278420	26480189	23827186	23904108	21751737	12646294	13380819	15306018	19489068	19635203	13740568	
"Luxembourg"	12542133	13911259	16307879	13726903	13826006	14790883	12625703	12838381	13959036	15148367	14667447	13442285	
"Uzbekistan"									10079210	10920700	14344696	13127295	
"Côte d'Ivoire"	10305618	10285209	11109599	10860930	13742845	12686884	12559700	10631006	12688047	11793157	12717852	12394485	
"Ghana"	5070533	5233154	18146653	15761184	12643899	15504399	13755565	10655796	14358510	17099588	16768275	12342064	
"Iran, Islamic Republic of"	77575221	108580979	137421481	132713014	92122800	90328135	60040642	78267311	91737444	96617521	30798216	12045441	
"Costa Rica"	8836345	9044841	10222241	11250804	11472064	11251853	9587045	9914296	10607355	11255809	11452817	11625662	
"Guatemala"	7208586	8460153	10161041	10124387	10065329	10890691	10753226	10463396	11011392	10863493	11183088	11401650	
"Sri Lanka"	7121491	8304052	10011282	9369784	10004879	11295486	10439730	10545893	11741037		11974156	10706858	
"Papua New Guinea"			5499320	4517686	6883951	9951198	9768858	8744897	10603142	11244922	11801523	9939481	
"Dominican Republic"	4374408	4766734	6112524	7168472	7960984	9927796	8384108	8744920	10224662	9395611	10078188	9848863	
"Panama"	10716687	12215863	15896225	16766628	15718136	13778161	12061293	11194931	10601014	11621377	11473935	9656808	
"Paraguay"	5079610	6516535	7776442	7282792	9456253	9635735	8361163	8501196	8679987	9042469	7652036	8518480	
"Honduras"	2595325	3103683	3533561	4696174	3897174	4533348	4262027	4084642	5289789	4486630	3091163	8468530	
"Bahrain"	8384000	16059213	22561917	16621226	20036210	23745959	13819478	10550361	12485371	14347750	14167296	8449205	
"Libya, State of"	27255515	36440414						20135528	20135528	30040892	29471855	8429558	
"Jordan"	6365744	7023137	7963486	7877136	7919621	8385330	7832977	7509083	7469238	7750263	8312917	7954403	
"Zambia"	3879827	6530809	8812012	9639946	10606852	9686603	7343902	6437179	8156628	9111114	6962507	7804715	
"Turkmenistan"	2678286	2674662	7421625	11250128	12070873	12517064	10093803	7963914	8399959	10130789	10962729	7784500	
"Trinidad and Tobago"	9125971	10981679	14875158	12159202	16597499	14526145	10755571	8730501	9946646	12349365	11137532	7513668	
"Bolivia, Plurinational State of"	5296740	7051433	9213940	11990832	12371516	12899078	8737108	7126324	8194491	8964856	8924398	7015198	
"Uruguay"	5404763	6724162	7911749	8709217	9065754	9165708	7984776	7010613	7946411	7641122	7816028	7010245	
"Lao People's Democratic Republic"		1908745	1898022	1597135	2987772	2572201	2985095	3124169	4909734	5814806	5809346	6736936	
"Macedonia, North"	2691528	3351429	4478313	4015403	4298766	4964132	4530076	4784605	5682803	6906337	7195141	6633216	
"Brunei Darussalam"	7171066	8897560	12451283	13000828	11447187	10508833	6341863	4703523	5586316	6506565	7249807	6614320	
"Bosnia and Herzegovina"	3953920	4803107	5850079	5161809	5687463	5892102	5099186	5327588	6366918	7182146	6578244	6148985	
"Mongolia"		2871174	4817496	4384669	4269056	5774331	4669280	4916326	6200593	7011758	7619754	6130627	
"Kenya"	4463443	5169112	5782864	6134501	5831838	6108821	5932133	5697716	5746757	6049226	5836027	6023442	
"Tanzania, United Republic of"	2982405	4050546	4734960	5547229	4412549	5704654	5854231	4399810	4094291	3797407	4932713	5984824	
"Ship stores and bunkers"	181719	206978	189166	33151	51907	257264	103538	146852	120886	146752	124747	5581674	
"Namibia"	5870620	5848292	5900941	5376995	6337216	5983840	4619179	4847421	5183908	7488296	6439325	5424088	
"Guinea"	1300451	1896539	1732980	2176918	1780484	1946668	1511287	2410982	6221437	6248708	6696489	5294098	
"Gabon"	5457903	7230349	11996258	11539236	11755590	10892719	6062692	4035257	5348328	6691711	7301312	5275076	
"Nicaragua"	1393054	1847629	2280872	4550647	4594148	4973501	5050230	4591962	4925581	5013908	5272553	5087343	
"Congo"	8194624	6936652	15597395	7437933	10453102	8678580	8705531	7905441	8264703	11303439	5577729	4977501	
"Venezuela, Bolivarian Republic of"	56583100	66962673	91094183	95034872	87961213	71468603	38466617	31014662	33953605	37850260	17015898	4818051	
"Iceland"	4056962	4603089	5348791	5063442	4997710	5051300	4752417	4458954	4853473	5591188	5231459	4595669	
"Cameroon"	1732408	3878433	2147386	4274981	4520922	5159520	4052643	2130450	3264185	3804848	5721600	4440820	
"Zimbabwe"	1795154	2640578	3121209	4125176	4067665	3871574	2704096	3341151	3480382	4037945	4279384	4394837	
"Burkina Faso"	794020	1290523	2317830	2105683	2374447	2604182	2220535	2529151	2820721	3269734	3261124	4381069	
"Botswana"	3455712	4693238	5915297	6714347	7573299	8538069	6276860	7375731	5954789	6122377	5238079	4255976	
"Uganda"	1567614	1618603	2159077	2357493	2407736	2261964	2267009	2482313	2901296	3087274	3563785	4148958	
"El Salvador"	3866080	4499243	5308179	5339088	5519300	5301546	4372604	4180333	4552996	4642690	4777618	4141009	
"Senegal"	2017386	2085662	2541705	2531665	2660989	2750172	2611672	2640277	3013160	3630401	4175809	3934554	
"Lebanon"	3484155	4254185	4266856	4746521	4179822	3752790	3459466	3509342	2843536	3829848	3731350	3807461	
"Mozambique"	2147169	2243069	3604118	3469852	4023719	4725331	3232530	3354938	4687405	5160904	4722313	3460033	
"Equatorial Guinea"	9188724	9603978	13310662	15648280	14672117	13037743	6824943	4655374	5339850	6567662	5072616	3105737	
"Mauritania"	1164530	1818731	2457999	2623807	2462517	2139811	1831909	1731106	2057289	2184109	2890635	2946811	
"Guyana"	788385	900754	1178649	1436600	1375940	1174050	1286337	1444855	1786473	1482901	3842163	2813853	
"Cyprus"	1350949	1506458	1954770	1826017	2135207	3270283	3369092	3001462	3360809	5064927	3520899	2741042	
"Malta"	2280269	3716754	5278694	5646270	5206239	4970788	3915448	3186126	2850079	3195311	3007798	2674923	
"Georgia"	1133629	1677299	2186407	2376634	2910582	2861043	1792719	1818888	2344033	2538234	2699657	2554547	
"Ethiopia"	938112	1372248	1809380	2741298	2591042	2977916	2697080	2615931	2862593	2671813	2678468	2526221	
"Armenia"	683989	1011425	1320411	1428121	1467800	1490190	1482667	1807790	2144963	2383414	2620069	2519990	
"Albania"	1087915	1549956	1948207	1967919	2331522	2430724	1929657	1962117	2301341	2875860	2719429	2514736	
"Free Zones"	3620770	6407187	6493954	9308149	6994743	6948456	8390744	8558529	6495173	6389198	4295133	2500105	
"Moldova, Republic of"	1282981	1541487	2216815	2161879	2428303	2339530	1966837	2044611	2425119	2706818	2779165	2485160	
"Sudan"				2449242	26037006	6204785	5587517	3993490	4240643	3619252	4193398	2182805	
"Mali"		1996261	2374497	2610387				2847594	1902730	3624307	3642251	2146259	
"Kyrgyzstan"	1178274	1488401	1978932	1683237	1773228	1883733	1646443	1543532	1790758	1764613	1965502	1964466	
"Madagascar"	1095898	1082168	1259683	1224514	1626889	2243190	1956428	2166904	2808106	3000696	2564400	1956910	
"New Caledonia"	2082815	1267588	1657544	1292925	1237436	1618989	1261591	1352674	1653824	2126374	1811254	1849276	
"Cayman Islands"	219005	1159479	1299209	627786	866579	409595	730264	2187738	1002341	1043549	1535610	1761243	
"Eswatini"	1313628	1539228	1607162	1705493	1861783	1883619	1736115	1571994	1801635	1851122	2001762	1752118	
"Cuba"								2156107	2344188	2313587	1694809	1745922	
"Mauritius"	1765792	1849522	2255421	2257737	2341299	2662999	2456696	2197276	2094865	1979069	1873604	1548472	
"Chad"	2298586	3100723	3859481	3326351	3210964	3177770	2397515	1676043	1340196	1696462	1319682	1482531	
"Suriname"	1401839	2025567	2466872	2380469	2204441	1917671	1814317	1235283	1441019	1502817	1460966	1388641	
"Greenland"	373288	388640	493671	477771	541821	556510	406302	575333	595837	640897	1294505	1369217	
"Faroe Islands"	761744	818337	1079840	1009691	1330885	1428483	1173880	1332714	1434876	1358668	1427157	1329841	
"Tajikistan"						813493	897605	899320	983826	1073858	1115850	1311879	
"Yemen"	6258955	6437477	6947667	7062059	7129806	2416888	509858	943794	2342842	1669249	1575635	1248881	
"Niger"	628012	478625	1080650	1379850	1337151	1049677	794114	665422	871002	889679	854318	1247237	
"Afghanistan"	403441	388484	341149	401815	464008	570534	571405	596455	831927	875241	863833	1243955	
"Haiti"					218764	129504	216120	355315	173920	1252122	1342010	1046793	
"Macao, China"	960686	869753	869952	1020521		1240029	1339013	1256603		1161004	1023983	1024582	
"Liberia"									194669	1461127	2001974	1013238	
"Jamaica"	1316037	1327602	1622860	1711790	1569117	1451889	1262585	1201787	1309718	1878239	1586351	986127	
"Togo"	737860	741369	993908	1119062	1291075	959896	793209	849540	870227	1024231	1025312	973534	
"Nepal"	885999	874201	907634	870663	863258	900859	660182	728846	736979	781143	959629	888136	
"Syrian Arab Republic"	9693797	11352924	8199963	2287594	1531172	1143793	855095	819764	798606	735616	736769	865551	
"Benin"	425348	533902	388592	460338	602014	968326	625307	408689	741696	952105	850666	845243	
"Fiji"	628675	841361	1069471	1220602	1107990	1373264	897232	925193	998192	1017885	1028722	827647	
"Lesotho"	628128	503303	770118	678193	352350	819274	609858	636795	673576	733148	645750	818488	
"South Sudan"				646396	2475813	4414661	2334022	1475256	1290844	1661851	1640256	793334	
"Malawi"	1187917	1066204	1431901	1286728	1181511	1432127	1106631	1035099	889126	879825	912983	781981	
"Marshall Islands"	800430	730437	511487	1044486	858101	871440	646371	636938	687898	784441	1255808	764361	
"Sierra Leone"						279253	369867	630094	167880	204991	760200	580940	
"Solomon Islands"	214591	226065	411540	466329	489145	458517	400401	437303	499715	569112	705780	545312	
"British Virgin Islands"	335899	526135	631699	1259297	1045758	478868	607969	703186	491127	353073	411592	480687	
"Falkland Islands (Malvinas)"	180361	187389	196845	219950	195110	208169	210695	260937	212647	310260	318154	417773	
"Montenegro"	387540	436575	627532	468788	494376	440659	353080	355060	371463	400107	415484	409846	
"Eritrea"	29487	15033	339196	592219	327011	584439	470002	381235	430032	516444	499061	362756	
"Seychelles"		417798	968567	658822	574183	551250	473849	486910	594600	864798	844891	345439	
"Barbados"	322725	313684	508446	566439	467424	480753	482919	543203	485394	457730	444089	345206	
"Rwanda"	260660	240106	400076	387160	622449	615824	548835	555137	948319	1017862	1161751	343055	
"Bahamas"	584879	620143	726943	828692	811465	689194	442781	402715	473337	524222	537265	339360	
"Maldives"	76665	74203	121993	161607	166505	144840	144206	139571	199325	181663	158016	221616	
"Belize"	249660	282040	396185	401140	413454	358429	328894	246262	293256	243304	244906	211873	
"Djibouti"	363709	97961	119551	134080	134904	156832	137719	113121	162292	154196	193889	209423	
"Bhutan"	495846	413482	452963	531227	157016	177235	271921	145676	239178	318623	279132	195368	
"Gibraltar"	285453	357170	347551	488712	621981	1172099	409003	225683	343258	162220	149170	191761	
"Korea, Democratic People's Republic of"	1540359	2144132	3433474	3171341	3638968	3396883	3041815	2997825	2069159	352611	475155	179467	
"Vanuatu"	37746	46174	63532	456543	287509	644703	891959	653293	236180	176576	173228	174458	
"Palestine, State of"	518355	575513	745661	782369	900618	943717	957811	926499	1064884	1155634	1103808	164647	
"Burundi"	112932	118156	197836	242700	206871	141501	236488	125971	149966	180347	180772	162313	
"Guinea-Bissau"					115476	112074	327224	176264	189269	244799	249796	146356	
"Somalia"	190684	293565	398946	505127	637481	714403	691753	632319	426251	488694	417976	138889	
"Micronesia, Federated States of"	18319	22739	36694	45090	27621	36176	23995	61819	96371	130253	143091	131091	
"United States Minor Outlying Islands"	147574	188763	249691	273473	173915	237082	99893	136214	165883	208098	118924	121776	
"Andorra"	100478	92319	114023	105950	98978	95158	89502	96913	117966	129448	118238	117148	
"Nauru"	23952	59323	77841	107648	68368	36528	33220	22640	27681	21600	34450	111896	
"Timor-Leste"					53136				24174	74809	123273	109521	
"Kiribati"	6276	3894	8598	5816	6675	10159	10010	10506	170922	136217	98354	97157	
"French Polynesia"	148271	153191	149818	139032	151488	170097	130194	179319	196639	192866	183564	88814	
"Curaçao"									105014	115240	96336	82143	
"Saint Lucia"				76289	158993	182587	171184	119206	141656	116814	97256	81118	
"Niue"	76133	300343	4614	3603	1672	3979	2519	2894	54869	132679	64147	80190	
"Saint Kitts and Nevis"	37674	32013	44886	47651	40412	39159	31700	36865	33246	94276	78935	67965	
"Aruba"	135747	124523	151360	173061	167761	116214	80579	95397	89080	69766	83627	65931	
"Turks and Caicos Islands"			8533	11830	37704	29038	45768	44215	23108	31028	172506	63371	
"Saint Vincent and the Grenadines"	49064	41516	38432	43042	48803	49307	47766	43899	42299	43666	40335	55245	
"Cabo Verde"	171304	220180	305755	336084	69215	80409	66829	62705	49935	75271	61879	53118	
"Tokelau"	38625	31696	44315	43791	40401	22943	26202	18687	73344	54669	21963	43810	
"Dominica"	33486	34116	31270	37013	48013	101211	96508	59736	71126	81799	59490	41588	
"Central African Republic"	80532	90559	103910	114212	48656	20767	96807	87967	199902	54932	125191	41044	
"Samoa"	45976	70250	66264	76102	62109	50922	54308	55946	44316	46407	49335	37390	
"French Southern and Antarctic Territories"	8203	69141	17586	17802	37133	25672	20279	20847	15510	28973	19934	33935	
"Bonaire, Sint Eustatius and Saba"			27	28	3295	155434	3571	13101	65492	190756	84729	33108	
"Cook Islands"	20676	24346	34963	51452	26651	34142	25677	36954	47693	44196	32222	28671	
"Gambia"	66026	34985	95534	118765	106997	104567	93259	94473	22067	9195	24602	25860	
"Grenada"		24915		38048		36480	33319	35105	30518	37746	34481	24620	
"Antigua and Barbuda"	205702	34828	29028	29006	32923	23082	26261	61064	62391	25841	37400	21770	
"Comoros"	12670	14442	26743	20611	16597	25677	15477	29842	38298	46375	49638	19823	
"Bermuda"				9624	21705	11969	8622	8317	11742	22912	26833	19104	
"Christmas Island"	12383	17031	23023	38720	30024	36344	36180	24315	21246	21939	17828	15496	
"Palau"				8999		11400	6385	6540	6420	8621	22999	15382	
"Tuvalu"	4576	15395	13309	30998	25468	13086	38824	43655	9430	30941	20368	13897	
"British Indian Ocean Territory"	6145	4503	14671	32046	34043	33828	32415	20202	17877	9972	83203	13583	
"Saint Helena"	23370	21184	24602	19275	22019	24641	37896	27146	28525	33829	24061	13401	
"Sao Tome and Principe"	8117	6381	11042	6047	6938	10497	9223	10474	10823	12658	9860	12463	
"Tonga"	7798	8257	14392	15583	17084	18879	12272	14944	17352	14062	16206	11633	
"Anguilla"	15320	8904	15123	10967	12509	22181	12669	13291	14111	13283	22499	8839	
"Northern Mariana Islands"	5386	4216	2904	4186	4685	2777	3060	4141	4141	3660	4890	8029	
"St. Pierre and Miquelon"	9928	6933	14564	7124	6330	3690	3466	5129	5487	6721	8057	7983	
"Montserrat"	3148			1791	5962	3376	4802	3439	19355	6820	7249	7785	
"Western Sahara"	1306	1084	4274	1179	1860	4750	1342	8893	899	1270	3213	7402	
"Sint Maarten (Dutch part)"			27097	55479	73391	78580	19113	37377	73978	11420	18520	6774	
"Cocos (Keeling) Islands"	5455	9669	54690	7055	6942	8845	10518	4608	4086	5268	4621	4750	
"Sudan (before 2012)"	9079520	11529255	8981723									4212	
"Pitcairn"	3917	2077	4465	6710	1583	1009	1633	2848	1738	2239	2095	3178	
"American Samoa"	397	980	1157	36	21	46	1309	1176	13554	10242	4939	3047	
"Norfolk Island"	4567	2144	4637	3836	6002	4377	5094	1427	2219	2974	2854	2527	
"Wallis and Futuna Islands"	787	2247	429	1349	872	2199	1736	890	1039	596	2073	1696	
"Guam"	27	5	28			128	406	427	1974	722	717	478	
"Bouvet Island"	12	5	26			5	19	38	63	555	39	74	
"Neutral Zone"	25	16	1		2	50	144	78	20	42	1	29	
"British Antarctic Territory"								1	4	6	5	4	
"Mayotte"	6780	9851	17054	39983	27675								
"Netherlands Antilles"	3243023	1819458	39146										
"Serbia and Montenegro"	768	1281	2094										
